さん/いる,784
さん/する,657
さん/見る,401
桜/いる,376
座長/いる,352
誠/いる,331
もの/いる,312
さ/いる,312
桜/する,311
座長/する,305
誠/する,278
たか/いる,264
もの/する,255
さ/する,255
たか/する,222
さん/摘む,215
さん/すける,215
さん/見える,215
さん/入る,214
さん/送り出す,213
さん/くずす,213
さん/焦がす,212
さん/続く,211
さん/薄れる,210
さん/編む,209
部/いる,208
ケント/いる,208
私/いる,208
やつ/いる,208
鬼/いる,208
笑/いる,208
昼/いる,207
さん/賜る,205
さん/食べる,202
さん/居座る,202
さん/やける,202
さん/並ぶ,202
日/いる,200
さん/会う,199
桜/見る,197
里美/いる,192
さん/くらす,184
さん/支える,184
さん/しまう,184
座長/見る,179
年/いる,176
さん/努める,176
さくら/いる,176
日/する,173
誠/見る,172
部/する,170
ケント/する,170
私/する,170
やつ/する,170
笑/する,170
鬼/する,170
昼/する,169
里美/する,168
さ/見る,165
もの/見る,165
さん/溶く,160
さん/つく,152
さん/守る,152
年/する,148
さくら/する,148
さん/そうろう,136
たか/見る,132
桜/摘む,130
たかし/いる,128
さん/打つ,128
桜/見える,127
桜/すける,127
桜/入る,124
桜/くずす,121
桜/送り出す,121
まこと/いる,120
哀川/いる,120
桜/焦がす,118
桜/続く,115
たかし/する,112
さん/起こる,112
桜/薄れる,112
ケント/見る,110
やつ/見る,110
私/見る,110
鬼/見る,110
笑/見る,110
部/見る,110
桜/編む,109
昼/見る,109
の/いる,104
割/いる,104
出演/いる,104
夜/いる,104
月刊/いる,104
川/いる,104
美津子/いる,104
君/いる,104
健次郎/いる,104
自分/いる,104
さん/かける,104
最後/いる,104
酒/いる,104
久しぶり/いる,104
舞踊/いる,104
我々/いる,104
中野/いる,104
なん/いる,104
青年/いる,104
誠/摘む,104
それなり/いる,104
増/いる,104
美/いる,104
付き合い/いる,104
野崎/いる,104
酔い/いる,104
薄/いる,104
特別/いる,104
２/いる,104
お気に入り/いる,104
よう/いる,104
バッグ/いる,104
男/いる,104
ハンサム/いる,104
蝶々/いる,104
ジュニア/いる,104
中/いる,104
少女/いる,104
劇団/いる,104
相棒/いる,104
結/いる,104
くん/いる,104
美化/いる,104
良/いる,104
ショウ/いる,104
桜/賜る,103
日/見る,103
座長/摘む,102
誠/すける,101
まこと/する,101
哀川/する,101
誠/見える,101
さ/見える,100
さ/くずす,100
さ/すける,100
誠/入る,100
さ/入る,100
さ/送り出す,100
桜/並ぶ,100
桜/居座る,100
桜/食べる,100
さ/摘む,100
桜/やける,100
誠/くずす,99
誠/送り出す,99
座長/見える,99
座長/すける,99
さ/焦がす,98
座長/入る,98
誠/焦がす,98
座長/くずす,97
イメージ/いる,97
もの/摘む,97
もの/見える,97
もの/すける,97
誠/続く,97
桜/会う,97
座長/送り出す,97
光源氏/いる,97
さん/歩く,96
さ/続く,96
座長/焦がす,96
里美/見る,96
公演/いる,96
もの/入る,96
遠征/いる,96
さん/止まる,96
誕生/いる,96
もの/送り出す,95
もの/くずす,95
誠/薄れる,95
座長/続く,95
もの/焦がす,94
座長/薄れる,94
美津子/する,94
最後/する,94
焼き肉/いる,94
さ/薄れる,94
座長/編む,93
誠/編む,93
もの/続く,93
さ/編む,92
もの/薄れる,92
座長/賜る,91
時代/いる,91
もの/編む,91
青春/いる,91
座長/食べる,90
座長/居座る,90
座長/やける,90
座長/並ぶ,90
座長/会う,89
誠/賜る,89
父/いる,88
年/見る,88
依存/いる,88
愛/いる,88
前/いる,88
さくら/見る,88
姿/いる,88
二/いる,88
誕生/する,88
癌/いる,88
娘/いる,88
遠征/する,88
公演/する,88
自由/いる,88
誠/居座る,87
もの/賜る,87
誠/食べる,87
誠/並ぶ,87
さ/賜る,87
誠/やける,87
良/する,85
美化/する,85
中野/する,85
増/する,85
相棒/する,85
夜/する,85
割/する,85
酔い/する,85
よう/する,85
劇団/する,85
美/する,85
我々/する,85
付き合い/する,85
君/する,85
月刊/する,85
ジュニア/する,85
バッグ/する,85
男/する,85
青年/する,85
出演/する,85
結/する,85
特別/する,85
少女/する,85
誠/会う,85
くん/する,85
川/する,85
健次郎/する,85
なん/する,85
酒/する,85
それなり/する,85
蝶々/する,85
野崎/する,85
ショウ/する,85
の/する,85
薄/する,85
ハンサム/する,85
中/する,85
久しぶり/する,85
お気に入り/する,85
２/する,85
舞踊/する,85
自分/する,85
もの/居座る,84
座長/くらす,84
さ/やける,84
さ/並ぶ,84
さ/食べる,84
さ/居座る,84
座長/支える,84
もの/並ぶ,84
もの/食べる,84
座長/しまう,84
もの/やける,84
座長/努める,83
桜/くらす,82
桜/支える,82
桜/しまう,82
座長/溶く,81
もの/会う,81
さ/会う,81
座長/守る,80
座長/つく,80
光源氏/する,80
イメージ/する,80
桜/努める,79
部/摘む,78
座長/そうろう,78
焼き肉/する,78
青春/する,76
時代/する,76
鬼/摘む,75
やつ/摘む,75
笑/すける,74
ケント/摘む,74
ケント/見える,74
姿/する,74
愛/する,74
ケント/すける,74
依存/する,74
笑/見える,74
鬼/すける,74
部/すける,74
娘/する,74
前/する,74
誠/しまう,74
笑/摘む,74
誠/くらす,74
部/見える,74
やつ/見える,74
誠/支える,74
座長/打つ,74
鬼/見える,74
自由/する,74
二/する,74
やつ/すける,74
父/する,74
癌/する,74
桜/溶く,73
組/いる,72
新撰/いる,72
部/入る,72
笑/入る,72
番/いる,72
ケント/入る,72
十/いる,72
隊/いる,72
やつ/入る,72
鬼/入る,72
隊長/いる,72
誠/努める,71
桜/つく,70
やつ/送り出す,70
ケント/送り出す,70
鬼/送り出す,70
笑/くずす,70
やつ/くずす,70
部/送り出す,70
笑/送り出す,70
桜/守る,70
ケント/くずす,70
鬼/くずす,70
部/くずす,70
部/焦がす,68
鬼/焦がす,68
華/いる,68
笑/焦がす,68
やつ/焦がす,68
ケント/焦がす,68
鳴子/いる,68
私/すける,67
私/摘む,67
私/見える,67
たか/くずす,66
たか/やける,66
ケント/続く,66
たか/食べる,66
座長/起こる,66
もの/くらす,66
たか/会う,66
たか/焦がす,66
もの/しまう,66
鬼/続く,66
たか/編む,66
さ/くらす,66
たか/薄れる,66
さ/しまう,66
さ/支える,66
たか/入る,66
たか/摘む,66
たか/支える,66
たか/しまう,66
たか/くらす,66
たか/賜る,66
たか/続く,66
たか/並ぶ,66
やつ/続く,66
もの/支える,66
昼/摘む,66
私/入る,66
たか/送り出す,66
たか/すける,66
たか/見える,66
部/続く,66
たか/居座る,66
笑/続く,66
私/送り出す,65
誠/溶く,65
私/くずす,65
こうた/いる,64
桜/そうろう,64
ケント/薄れる,64
やつ/薄れる,64
さん/死ぬ,64
たかし/見る,64
芝居/いる,64
鬼/薄れる,64
昼/見える,64
春雨/いる,64
私/焦がす,64
傘/いる,64
昼/すける,64
部/薄れる,64
笑/薄れる,64
冬/いる,64
人情/いる,64
さ/努める,63
もの/努める,63
哀川/見る,63
昼/入る,63
まこと/見る,63
私/続く,63
たか/努める,63
鬼/編む,62
組/する,62
昼/くずす,62
番/する,62
誠/守る,62
部/編む,62
誠/つく,62
隊長/する,62
ケント/編む,62
座長/かける,62
私/薄れる,62
昼/送り出す,62
笑/編む,62
十/する,62
隊/する,62
やつ/編む,62
新撰/する,62
昼/焦がす,61
私/編む,61
桜/打つ,60
昼/続く,60
鳴子/する,59
昼/薄れる,59
華/する,59
笑/賜る,58
部/賜る,58
昼/編む,58
鬼/賜る,58
ケント/賜る,58
やつ/賜る,58
私/賜る,58
さ/溶く,57
座長/歩く,57
座長/止まる,57
たか/溶く,57
もの/溶く,57
こうた/する,56
鬼/やける,56
部/並ぶ,56
鬼/居座る,56
笑/食べる,56
鬼/並ぶ,56
やつ/食べる,56
笑/並ぶ,56
気持ち/いる,56
昼/賜る,56
冬/する,56
人情/する,56
部/やける,56
笑/居座る,56
傘/する,56
私/並ぶ,56
誠/そうろう,56
私/食べる,56
笑/やける,56
やつ/並ぶ,56
春雨/する,56
芝居/する,56
ケント/並ぶ,56
やつ/居座る,56
部/食べる,56
ケント/居座る,56
私/居座る,56
部/居座る,56
ケント/やける,56
ケント/食べる,56
やつ/やける,56
私/やける,56
鬼/食べる,56
良/見る,55
男/見る,55
青年/見る,55
少女/見る,55
相棒/見る,55
月刊/見る,55
美化/見る,55
昼/やける,55
結/見る,55
ハンサム/見る,55
久しぶり/見る,55
なん/見る,55
２/見る,55
付き合い/見る,55
野崎/見る,55
我々/見る,55
バッグ/見る,55
美/見る,55
お気に入り/見る,55
中野/見る,55
よう/見る,55
昼/並ぶ,55
昼/居座る,55
くん/見る,55
割/見る,55
酔い/見る,55
ジュニア/見る,55
自分/見る,55
健次郎/見る,55
出演/見る,55
特別/見る,55
酒/見る,55
川/見る,55
中/見る,55
昼/食べる,55
夜/見る,55
の/見る,55
劇団/見る,55
君/見る,55
薄/見る,55
それなり/見る,55
ショウ/見る,55
舞踊/見る,55
増/見る,55
蝶々/見る,55
日/くずす,54
もの/守る,54
日/続く,54
やつ/会う,54
たか/守る,54
私/会う,54
日/送り出す,54
昼/会う,54
さ/守る,54
さ/つく,54
日/薄れる,54
もの/つく,54
ケント/会う,54
日/入る,54
鬼/会う,54
日/編む,54
日/摘む,54
部/会う,54
笑/会う,54
たか/つく,54
日/すける,54
日/見える,54
日/焦がす,54
日/賜る,53
誠/打つ,53
最後/見る,52
日/並ぶ,52
日/食べる,52
日/やける,52
美津子/見る,52
桜/起こる,52
日/居座る,52
日/会う,51
イメージ/見る,50
気持ち/する,50
光源氏/見る,50
花/いる,48
公演/見る,48
里美/居座る,48
里美/続く,48
里美/そうろう,48
里美/しまう,48
さ/そうろう,48
里美/支える,48
里美/くらす,48
理由/いる,48
うめ/いる,48
入り口/いる,48
里美/食べる,48
里美/会う,48
もの/そうろう,48
里美/薄れる,48
里美/賜る,48
里美/すける,48
遠征/見る,48
様子/いる,48
里美/入る,48
里美/つく,48
里美/編む,48
里美/見える,48
当日/いる,48
焼き肉/見る,48
介/いる,48
里美/焦がす,48
桜/かける,48
ミニ/いる,48
謙之/いる,48
誕生/見る,48
お祝い/いる,48
里美/くずす,48
里美/溶く,48
ショー/いる,48
里美/守る,48
里美/やける,48
里美/摘む,48
里美/並ぶ,48
里美/努める,48
里美/送り出す,48
たくさん/いる,48
たか/そうろう,48
誠/起こる,47
日/支える,46
日/くらす,46
青春/見る,46
日/しまう,46
時代/見る,46
日/努める,45
たか/打つ,45
もの/打つ,45
里美/打つ,45
さ/打つ,45
笑/しまう,44
姿/見る,44
私/くらす,44
年/見える,44
年/薄れる,44
介/する,44
年/編む,44
年/しまう,44
様子/する,44
年/居座る,44
年/くらす,44
誠/かける,44
ショー/する,44
昼/くらす,44
さくら/すける,44
年/焦がす,44
さくら/並ぶ,44
自由/見る,44
年/続く,44
さくら/賜る,44
年/摘む,44
やつ/くらす,44
たくさん/する,44
桜/歩く,44
やつ/支える,44
二/見る,44
年/賜る,44
鬼/支える,44
さくら/やける,44
年/食べる,44
年/やける,44
年/入る,44
さくら/食べる,44
鬼/しまう,44
さくら/くずす,44
依存/見る,44
哀川/摘む,44
さくら/焦がす,44
理由/する,44
愛/見る,44
年/会う,44
さくら/入る,44
さくら/しまう,44
謙之/する,44
父/見る,44
さくら/会う,44
笑/くらす,44
さくら/居座る,44
さくら/見える,44
さくら/編む,44
さくら/続く,44
私/支える,44
さくら/送り出す,44
年/くずす,44
年/送り出す,44
さくら/くらす,44
ミニ/する,44
さくら/支える,44
年/並ぶ,44
入り口/する,44
当日/する,44
さくら/薄れる,44
年/支える,44
ケント/くらす,44
ケント/支える,44
やつ/しまう,44
うめ/する,44
昼/しまう,44
部/くらす,44
花/する,44
さくら/摘む,44
笑/支える,44
鬼/くらす,44
前/見る,44
部/支える,44
雑談/いる,44
お祝い/する,44
私/しまう,44
桜/止まる,44
癌/見る,44
昼/支える,44
年/すける,44
ケント/しまう,44
部/しまう,44
まこと/摘む,44
娘/見る,44
日/溶く,43
日/守る,42
笑/努める,42
私/努める,42
さくら/努める,42
やつ/努める,42
鬼/努める,42
日/つく,42
昼/努める,42
年/努める,42
部/努める,42
ケント/努める,42
哀川/すける,41
まこと/見える,41
まこと/すける,41
誠/止まる,41
雑談/する,41
哀川/見える,41
誠/歩く,41
さん/踊る,40
中野/摘む,40
酔い/摘む,40
哀川/入る,40
川/摘む,40
特別/摘む,40
カラオケ/いる,40
男/摘む,40
劇団/摘む,40
出演/摘む,40
健次郎/摘む,40
蝶々/摘む,40
日/そうろう,40
酒/摘む,40
カラオケ/する,40
さん/下す,40
まこと/入る,40
日/打つ,39
里美/起こる,39
哀川/送り出す,39
まこと/くずす,39
夜/摘む,39
まこと/送り出す,39
もの/起こる,39
たか/起こる,39
さ/起こる,39
哀川/くずす,39
まこと/焦がす,38
バッグ/摘む,38
哀川/焦がす,38
月刊/摘む,38
昼/溶く,38
さくら/溶く,38
私/溶く,38
少女/摘む,38
年/溶く,38
やつ/溶く,38
お気に入り/摘む,38
野崎/摘む,38
部/溶く,38
ケント/溶く,38
くん/摘む,38
鬼/溶く,38
笑/溶く,38
劇団/見える,37
良/見える,37
２/摘む,37
増/すける,37
良/摘む,37
川/すける,37
美化/見える,37
夜/見える,37
割/見える,37
よう/摘む,37
酔い/見える,37
出演/見える,37
月刊/すける,37
結/すける,37
美化/摘む,37
酒/見える,37
美化/すける,37
増/摘む,37
くん/すける,37
月刊/見える,37
健次郎/すける,37
出演/すける,37
結/摘む,37
健次郎/見える,37
薄/見える,37
バッグ/すける,37
割/摘む,37
夜/すける,37
哀川/続く,37
少女/すける,37
酔い/すける,37
中/すける,37
バッグ/見える,37
少女/見える,37
野崎/すける,37
酒/すける,37
良/すける,37
まこと/続く,37
くん/見える,37
増/見える,37
割/すける,37
よう/見える,37
薄/摘む,37
２/すける,37
座長/死ぬ,37
男/すける,37
劇団/すける,37
野崎/見える,37
結/見える,37
よう/すける,37
蝶々/見える,37
中/摘む,37
男/見える,37
蝶々/すける,37
日/起こる,37
薄/すける,37
中野/見える,37
特別/すける,37
２/見える,37
中野/すける,37
特別/見える,37
川/見える,37
お気に入り/すける,37
中/見える,37
お気に入り/見える,37
美化/入る,36
もの/かける,36
男/入る,36
昼/守る,36
出演/入る,36
薄/入る,36
月刊/入る,36
笑/つく,36
隊長/見る,36
まこと/薄れる,36
酔い/入る,36
部/守る,36
ケント/守る,36
哀川/薄れる,36
新撰/見る,36
部/つく,36
少女/入る,36
年/つく,36
増/入る,36
健次郎/入る,36
年/守る,36
中/入る,36
２/入る,36
たか/かける,36
くん/入る,36
ケント/つく,36
隊/見る,36
さくら/つく,36
組/見る,36
お気に入り/入る,36
十/見る,36
劇団/入る,36
割/入る,36
野崎/入る,36
私/守る,36
番/見る,36
バッグ/入る,36
酒/入る,36
さ/かける,36
中野/入る,36
私/つく,36
特別/入る,36
昼/つく,36
里美/かける,36
やつ/守る,36
日/かける,36
笑/守る,36
夜/入る,36
よう/入る,36
良/入る,36
やつ/つく,36
川/入る,36
さくら/守る,36
鬼/守る,36
結/入る,36
鬼/つく,36
蝶々/入る,36
月刊/くずす,35
割/送り出す,35
まこと/編む,35
舞踊/摘む,35
出演/くずす,35
蝶々/くずす,35
お気に入り/送り出す,35
薄/くずす,35
中/送り出す,35
くん/くずす,35
蝶々/送り出す,35
良/送り出す,35
結/くずす,35
男/送り出す,35
結/送り出す,35
野崎/送り出す,35
劇団/送り出す,35
酒/送り出す,35
中野/くずす,35
月刊/送り出す,35
薄/送り出す,35
増/送り出す,35
少女/送り出す,35
特別/くずす,35
酒/くずす,35
川/送り出す,35
哀川/編む,35
健次郎/くずす,35
舞踊/送り出す,35
少女/くずす,35
特別/送り出す,35
割/くずす,35
くん/送り出す,35
増/くずす,35
よう/送り出す,35
男/くずす,35
酔い/くずす,35
出演/送り出す,35
中/くずす,35
野崎/くずす,35
２/くずす,35
舞踊/見える,35
舞踊/入る,35
健次郎/送り出す,35
バッグ/くずす,35
川/くずす,35
良/くずす,35
美化/送り出す,35
舞踊/すける,35
舞踊/くずす,35
よう/くずす,35
酔い/送り出す,35
美化/くずす,35
中野/送り出す,35
２/送り出す,35
夜/くずす,35
夜/送り出す,35
バッグ/送り出す,35
劇団/くずす,35
お気に入り/くずす,35
中/焦がす,34
よう/焦がす,34
出演/焦がす,34
月刊/焦がす,34
野崎/焦がす,34
酒/焦がす,34
良/焦がす,34
２/焦がす,34
夜/焦がす,34
鳴子/見る,34
男/焦がす,34
健次郎/焦がす,34
薄/焦がす,34
結/焦がす,34
少女/焦がす,34
割/焦がす,34
華/見る,34
川/焦がす,34
増/焦がす,34
舞踊/焦がす,34
美化/焦がす,34
バッグ/焦がす,34
お気に入り/焦がす,34
中野/焦がす,34
酔い/焦がす,34
劇団/焦がす,34
特別/焦がす,34
くん/焦がす,34
蝶々/焦がす,34
出演/続く,33
舞踊/続く,33
酒/続く,33
まこと/賜る,33
健次郎/続く,33
バッグ/続く,33
さ/止まる,33
お気に入り/続く,33
蝶々/続く,33
結/続く,33
さ/歩く,33
もの/歩く,33
月刊/続く,33
たか/歩く,33
よう/続く,33
もの/止まる,33
少女/続く,33
劇団/続く,33
日/歩く,33
里美/歩く,33
中野/続く,33
美化/続く,33
酔い/続く,33
哀川/賜る,33
野崎/続く,33
男/続く,33
くん/続く,33
川/続く,33
中/続く,33
２/続く,33
里美/止まる,33
たか/止まる,33
特別/続く,33
良/続く,33
夜/続く,33
増/続く,33
日/止まる,33
割/続く,33
薄/続く,33
昼/そうろう,32
お気に入り/薄れる,32
劇団/薄れる,32
結/薄れる,32
たかし/すける,32
野崎/薄れる,32
笑/そうろう,32
たかし/見える,32
哀川/並ぶ,32
特別/薄れる,32
三度笠/いる,32
くん/薄れる,32
出演/薄れる,32
フィナーレ/する,32
明後日/いる,32
まこと/居座る,32
たかし/送り出す,32
節/する,32
たかし/続く,32
こうた/見る,32
蝶々/薄れる,32
部/そうろう,32
中/薄れる,32
酒/薄れる,32
たかし/焦がす,32
木曽/する,32
傘/見る,32
たかし/そうろう,32
哀川/居座る,32
たかし/摘む,32
冬/見る,32
たかし/くらす,32
よう/薄れる,32
たかし/しまう,32
たかし/編む,32
たかし/やける,32
２/薄れる,32
酔い/薄れる,32
たかし/賜る,32
たかし/溶く,32
三度笠/する,32
まこと/やける,32
ケント/そうろう,32
節/いる,32
哀川/食べる,32
さくら/そうろう,32
たかし/支える,32
芝居/見る,32
月刊/薄れる,32
たかし/居座る,32
たかし/並ぶ,32
たかし/会う,32
少女/薄れる,32
まこと/食べる,32
フィナーレ/いる,32
割/薄れる,32
中野/薄れる,32
年/そうろう,32
人情/見る,32
男/薄れる,32
舞踊/薄れる,32
たかし/薄れる,32
良/薄れる,32
薄/薄れる,32
まこと/並ぶ,32
たかし/努める,32
たかし/守る,32
やつ/そうろう,32
夜/薄れる,32
たかし/入る,32
美化/薄れる,32
木曽/いる,32
哀川/やける,32
明後日/する,32
たかし/つく,32
健次郎/薄れる,32
たかし/食べる,32
バッグ/薄れる,32
増/薄れる,32
鬼/そうろう,32
川/薄れる,32
たかし/くずす,32
春雨/見る,32
私/そうろう,32
野崎/編む,31
良/編む,31
夜/編む,31
月刊/編む,31
くん/編む,31
中野/編む,31
酔い/編む,31
美化/編む,31
割/編む,31
バッグ/編む,31
よう/編む,31
増/編む,31
お気に入り/編む,31
劇団/編む,31
２/編む,31
特別/編む,31
川/編む,31
男/編む,31
健次郎/編む,31
酒/編む,31
舞踊/編む,31
哀川/会う,31
出演/編む,31
少女/編む,31
まこと/会う,31
薄/編む,31
結/編む,31
蝶々/編む,31
中/編む,31
青年/入る,30
の/すける,30
笑/打つ,30
我々/見える,30
ジュニア/入る,30
それなり/薄れる,30
ケント/打つ,30
我々/すける,30
ショウ/入る,30
青年/すける,30
それなり/焦がす,30
ショウ/送り出す,30
ハンサム/薄れる,30
ハンサム/続く,30
美/見える,30
なん/入る,30
の/見える,30
付き合い/送り出す,30
美/くずす,30
鬼/打つ,30
ジュニア/くずす,30
君/編む,30
美/焦がす,30
の/編む,30
さくら/打つ,30
青年/続く,30
付き合い/編む,30
君/摘む,30
美/送り出す,30
ジュニア/続く,30
付き合い/くずす,30
君/くずす,30
ショウ/薄れる,30
自分/摘む,30
青年/焦がす,30
なん/焦がす,30
我々/入る,30
自分/薄れる,30
美/編む,30
美/摘む,30
自分/見える,30
ショウ/焦がす,30
部/打つ,30
我々/摘む,30
の/くずす,30
なん/続く,30
我々/焦がす,30
の/焦がす,30
付き合い/摘む,30
ジュニア/見える,30
付き合い/焦がす,30
ハンサム/編む,30
青年/薄れる,30
君/すける,30
ジュニア/送り出す,30
付き合い/続く,30
ハンサム/すける,30
君/見える,30
昼/打つ,30
青年/摘む,30
青年/送り出す,30
自分/編む,30
ハンサム/焦がす,30
付き合い/薄れる,30
我々/続く,30
ハンサム/くずす,30
美/続く,30
自分/焦がす,30
君/送り出す,30
君/続く,30
付き合い/すける,30
なん/編む,30
ジュニア/摘む,30
ショウ/すける,30
自分/入る,30
年/打つ,30
それなり/くずす,30
それなり/送り出す,30
ハンサム/摘む,30
ショウ/くずす,30
たかし/打つ,30
それなり/摘む,30
自分/すける,30
ショウ/摘む,30
なん/すける,30
君/薄れる,30
我々/送り出す,30
青年/編む,30
の/送り出す,30
なん/摘む,30
ハンサム/送り出す,30
ハンサム/入る,30
の/摘む,30
自分/続く,30
ジュニア/すける,30
美/すける,30
私/打つ,30
ジュニア/編む,30
なん/送り出す,30
自分/くずす,30
君/入る,30
我々/くずす,30
ジュニア/薄れる,30
やつ/打つ,30
美/入る,30
それなり/続く,30
の/入る,30
君/焦がす,30
我々/編む,30
なん/くずす,30
自分/送り出す,30
我々/薄れる,30
それなり/編む,30
それなり/見える,30
付き合い/見える,30
の/薄れる,30
それなり/入る,30
それなり/すける,30
青年/くずす,30
ジュニア/焦がす,30
青年/見える,30
美/薄れる,30
の/続く,30
なん/見える,30
付き合い/入る,30
ハンサム/見える,30
なん/薄れる,30
ショウ/編む,30
ショウ/続く,30
ショウ/見える,30
少女/賜る,29
よう/賜る,29
それなり/賜る,29
君/賜る,29
中野/賜る,29
酔い/賜る,29
２/賜る,29
蝶々/賜る,29
ハンサム/賜る,29
自分/賜る,29
健次郎/賜る,29
月刊/賜る,29
薄/賜る,29
お気に入り/賜る,29
誠/死ぬ,29
美/賜る,29
我々/賜る,29
男/賜る,29
酒/賜る,29
割/賜る,29
ジュニア/賜る,29
舞踊/賜る,29
良/賜る,29
くん/賜る,29
バッグ/賜る,29
なん/賜る,29
増/賜る,29
出演/賜る,29
の/賜る,29
青年/賜る,29
ショウ/賜る,29
野崎/賜る,29
特別/賜る,29
美化/賜る,29
結/賜る,29
川/賜る,29
付き合い/賜る,29
中/賜る,29
劇団/賜る,29
夜/賜る,29
よう/やける,28
割/やける,28
美化/並ぶ,28
相棒/見える,28
久しぶり/並ぶ,28
よう/食べる,28
酔い/並ぶ,28
君/やける,28
それなり/食べる,28
ジュニア/居座る,28
それなり/やける,28
美化/居座る,28
増/居座る,28
出演/食べる,28
川/食べる,28
川/やける,28
酔い/居座る,28
の/並ぶ,28
野崎/やける,28
酒/やける,28
久しぶり/入る,28
自分/居座る,28
相棒/焦がす,28
久しぶり/送り出す,28
自分/やける,28
劇団/食べる,28
月刊/食べる,28
薄/やける,28
少女/やける,28
特別/居座る,28
出演/居座る,28
出演/やける,28
自分/食べる,28
相棒/摘む,28
中/並ぶ,28
美/食べる,28
川/居座る,28
我々/居座る,28
相棒/すける,28
２/やける,28
久しぶり/見える,28
相棒/続く,28
２/食べる,28
酒/並ぶ,28
久しぶり/続く,28
増/食べる,28
ショウ/並ぶ,28
薄/並ぶ,28
夜/やける,28
野崎/並ぶ,28
ジュニア/食べる,28
相棒/送り出す,28
良/食べる,28
我々/食べる,28
それなり/並ぶ,28
少女/食べる,28
ハンサム/やける,28
薄/居座る,28
久しぶり/くずす,28
蝶々/食べる,28
桜/死ぬ,28
なん/食べる,28
健次郎/並ぶ,28
ショウ/やける,28
蝶々/並ぶ,28
野崎/居座る,28
中/やける,28
相棒/居座る,28
お気に入り/やける,28
青年/居座る,28
君/並ぶ,28
なん/居座る,28
の/居座る,28
久しぶり/焦がす,28
中/食べる,28
ショウ/食べる,28
酒/居座る,28
少女/居座る,28
美/並ぶ,28
川/並ぶ,28
青年/食べる,28
付き合い/やける,28
付き合い/並ぶ,28
青年/やける,28
久しぶり/編む,28
野崎/食べる,28
気持ち/見る,28
ジュニア/並ぶ,28
なん/並ぶ,28
月刊/居座る,28
お気に入り/食べる,28
相棒/やける,28
よう/居座る,28
割/並ぶ,28
健次郎/居座る,28
男/並ぶ,28
良/やける,28
くん/やける,28
相棒/食べる,28
ショウ/居座る,28
付き合い/居座る,28
劇団/並ぶ,28
劇団/居座る,28
割/食べる,28
の/食べる,28
結/食べる,28
中野/食べる,28
青年/並ぶ,28
酔い/やける,28
月刊/やける,28
健次郎/食べる,28
君/居座る,28
結/並ぶ,28
蝶々/やける,28
くん/並ぶ,28
結/やける,28
中野/やける,28
バッグ/居座る,28
特別/やける,28
美/居座る,28
ハンサム/食べる,28
夜/並ぶ,28
の/やける,28
付き合い/食べる,28
特別/食べる,28
月刊/並ぶ,28
薄/食べる,28
我々/並ぶ,28
よう/並ぶ,28
特別/並ぶ,28
中/居座る,28
酔い/食べる,28
相棒/賜る,28
出演/並ぶ,28
相棒/並ぶ,28
美/やける,28
増/並ぶ,28
ジュニア/やける,28
蝶々/居座る,28
君/食べる,28
男/やける,28
夜/食べる,28
久しぶり/賜る,28
久しぶり/居座る,28
なん/やける,28
バッグ/並ぶ,28
男/居座る,28
良/並ぶ,28
久しぶり/摘む,28
美化/食べる,28
お気に入り/居座る,28
自分/並ぶ,28
良/居座る,28
ハンサム/居座る,28
２/居座る,28
割/居座る,28
舞踊/やける,28
バッグ/食べる,28
久しぶり/やける,28
増/やける,28
舞踊/居座る,28
相棒/薄れる,28
美化/やける,28
酒/食べる,28
それなり/居座る,28
くん/食べる,28
舞踊/食べる,28
夜/居座る,28
久しぶり/薄れる,28
相棒/入る,28
少女/並ぶ,28
久しぶり/すける,28
２/並ぶ,28
お気に入り/並ぶ,28
結/居座る,28
健次郎/やける,28
中野/並ぶ,28
相棒/編む,28
我々/やける,28
劇団/やける,28
中野/居座る,28
相棒/くずす,28
くん/居座る,28
バッグ/やける,28
男/食べる,28
ハンサム/並ぶ,28
舞踊/並ぶ,28
久しぶり/食べる,28
付き合い/会う,27
結/会う,27
美化/会う,27
良/会う,27
野崎/会う,27
少女/会う,27
バッグ/会う,27
なん/会う,27
それなり/会う,27
美/会う,27
中野/会う,27
特別/会う,27
酔い/会う,27
割/会う,27
２/会う,27
ショウ/会う,27
ジュニア/会う,27
酒/会う,27
中/会う,27
くん/会う,27
自分/会う,27
舞踊/会う,27
お気に入り/会う,27
ハンサム/会う,27
健次郎/会う,27
よう/会う,27
月刊/会う,27
増/会う,27
青年/会う,27
薄/会う,27
夜/会う,27
の/会う,27
出演/会う,27
我々/会う,27
久しぶり/会う,27
相棒/会う,27
劇団/会う,27
蝶々/会う,27
川/会う,27
君/会う,27
男/会う,27
美津子/送り出す,26
最後/送り出す,26
美津子/焦がす,26
美津子/やける,26
最後/並ぶ,26
最後/つく,26
美津子/くらす,26
哀川/支える,26
美津子/支える,26
最後/薄れる,26
笑/起こる,26
最後/編む,26
最後/入る,26
たかし/起こる,26
最後/くずす,26
美津子/編む,26
美津子/食べる,26
年/起こる,26
最後/すける,26
昼/起こる,26
美津子/すける,26
最後/見える,26
美津子/並ぶ,26
最後/続く,26
美津子/薄れる,26
最後/賜る,26
最後/溶く,26
まこと/くらす,26
哀川/くらす,26
美津子/会う,26
美津子/努める,26
哀川/しまう,26
最後/焦がす,26
美津子/溶く,26
まこと/支える,26
やつ/起こる,26
鬼/起こる,26
最後/そうろう,26
美津子/賜る,26
美津子/つく,26
美津子/そうろう,26
最後/食べる,26
最後/支える,26
最後/やける,26
最後/摘む,26
美津子/摘む,26
最後/居座る,26
美津子/入る,26
美津子/続く,26
さくら/起こる,26
最後/しまう,26
ケント/起こる,26
美津子/しまう,26
最後/守る,26
最後/くらす,26
私/起こる,26
美津子/くずす,26
美津子/居座る,26
まこと/しまう,26
最後/努める,26
最後/会う,26
部/起こる,26
美津子/守る,26
最後/打つ,26
美津子/見える,26
イメージ/入る,25
光源氏/食べる,25
イメージ/やける,25
光源氏/並ぶ,25
イメージ/並ぶ,25
イメージ/見える,25
イメージ/くずす,25
イメージ/食べる,25
光源氏/くずす,25
光源氏/賜る,25
イメージ/居座る,25
イメージ/賜る,25
光源氏/編む,25
光源氏/見える,25
最後/起こる,25
光源氏/焦がす,25
光源氏/会う,25
イメージ/焦がす,25
イメージ/送り出す,25
イメージ/すける,25
イメージ/続く,25
まこと/努める,25
イメージ/編む,25
イメージ/薄れる,25
光源氏/居座る,25
光源氏/摘む,25
光源氏/入る,25
イメージ/摘む,25
光源氏/やける,25
イメージ/会う,25
哀川/努める,25
光源氏/続く,25
光源氏/送り出す,25
光源氏/すける,25
光源氏/薄れる,25
美津子/打つ,25
誕生/そうろう,24
遠征/起こる,24
演技/する,24
様子/見る,24
誕生/守る,24
公演/溶く,24
遠征/しまう,24
誕生/編む,24
遠征/打つ,24
焼き肉/見える,24
焼き肉/送り出す,24
誕生/努める,24
公演/しまう,24
公演/続く,24
誕生/続く,24
誕生/溶く,24
遠征/居座る,24
公演/支える,24
遠征/努める,24
遠征/賜る,24
公演/やける,24
入り口/見る,24
焼き肉/やける,24
ケント/かける,24
焼き肉/入る,24
介/見る,24
公演/かける,24
笑/かける,24
やつ/かける,24
さくら/かける,24
遠征/摘む,24
公演/送り出す,24
焼き肉/焦がす,24
ショー/見る,24
誕生/しまう,24
遠征/見える,24
鬼/かける,24
焼き肉/居座る,24
年/かける,24
謙之/見る,24
遠征/会う,24
公演/摘む,24
遠征/送り出す,24
遠征/溶く,24
公演/会う,24
公演/焦がす,24
公演/くらす,24
誕生/やける,24
誕生/入る,24
誕生/食べる,24
誕生/支える,24
誕生/くらす,24
誕生/見える,24
誕生/並ぶ,24
遠征/かける,24
誕生/会う,24
久々/いる,24
遠征/入る,24
焼き肉/くずす,24
遠征/そうろう,24
焼き肉/続く,24
遠征/くずす,24
理由/見る,24
公演/守る,24
公演/賜る,24
焼き肉/編む,24
ミニ/見る,24
焼き肉/食べる,24
久々/する,24
誕生/つく,24
公演/つく,24
公演/入る,24
公演/くずす,24
公演/そうろう,24
誕生/居座る,24
誕生/打つ,24
たかし/かける,24
焼き肉/すける,24
うめ/見る,24
誕生/焦がす,24
遠征/編む,24
遠征/続く,24
遠征/すける,24
部/かける,24
遠征/支える,24
遠征/くらす,24
たくさん/見る,24
誕生/起こる,24
公演/すける,24
誕生/賜る,24
公演/打つ,24
遠征/焦がす,24
遠征/並ぶ,24
遠征/やける,24
誕生/くずす,24
私/かける,24
焼き肉/会う,24
焼き肉/摘む,24
公演/薄れる,24
昼/かける,24
公演/居座る,24
当日/見る,24
誕生/すける,24
公演/見える,24
誕生/摘む,24
誕生/送り出す,24
誕生/薄れる,24
焼き肉/薄れる,24
誕生/かける,24
お祝い/見る,24
焼き肉/賜る,24
花/見る,24
公演/起こる,24
遠征/つく,24
最後/かける,24
公演/編む,24
焼き肉/並ぶ,24
公演/並ぶ,24
演技/いる,24
遠征/食べる,24
公演/努める,24
遠征/守る,24
公演/食べる,24
遠征/薄れる,24
時代/賜る,23
時代/食べる,23
青春/摘む,23
青春/送り出す,23
青春/やける,23
時代/すける,23
青春/すける,23
青春/賜る,23
哀川/溶く,23
時代/やける,23
時代/居座る,23
時代/並ぶ,23
時代/会う,23
時代/入る,23
時代/摘む,23
青春/編む,23
青春/並ぶ,23
時代/編む,23
青春/食べる,23
青春/見える,23
青春/薄れる,23
時代/くずす,23
美津子/起こる,23
青春/続く,23
時代/続く,23
時代/見える,23
時代/薄れる,23
青春/入る,23
青春/居座る,23
時代/焦がす,23
青春/くずす,23
まこと/溶く,23
時代/送り出す,23
青春/会う,23
青春/焦がす,23
娘/編む,22
なん/支える,22
特別/支える,22
前/くらす,22
愛/居座る,22
まこと/守る,22
ジュニア/しまう,22
青春/くらす,22
依存/続く,22
癌/賜る,22
父/くずす,22
愛/見える,22
依存/くらす,22
父/焦がす,22
焼き肉/くらす,22
愛/しまう,22
ショウ/しまう,22
劇団/しまう,22
自由/入る,22
父/見える,22
ケント/止まる,22
少女/くらす,22
それなり/しまう,22
愛/くずす,22
健次郎/しまう,22
二/食べる,22
自由/しまう,22
二/居座る,22
自由/食べる,22
自由/並ぶ,22
酔い/支える,22
月刊/しまう,22
娘/やける,22
雑談/見る,22
父/薄れる,22
二/支える,22
君/支える,22
自由/見える,22
川/しまう,22
良/くらす,22
父/しまう,22
ショウ/くらす,22
愛/薄れる,22
劇団/支える,22
薄/しまう,22
川/くらす,22
やつ/止まる,22
野崎/しまう,22
癌/やける,22
前/続く,22
父/編む,22
父/摘む,22
バッグ/支える,22
良/支える,22
公演/止まる,22
それなり/支える,22
少女/支える,22
私/歩く,22
笑/歩く,22
夜/くらす,22
鬼/歩く,22
中/しまう,22
さくら/歩く,22
姿/焦がす,22
時代/支える,22
酒/支える,22
二/やける,22
父/支える,22
よう/支える,22
自由/編む,22
姿/食べる,22
姿/やける,22
父/やける,22
自由/くらす,22
愛/続く,22
酔い/くらす,22
舞踊/支える,22
誕生/止まる,22
よう/くらす,22
バッグ/しまう,22
娘/しまう,22
男/くらす,22
娘/賜る,22
増/支える,22
光源氏/しまう,22
前/会う,22
夜/支える,22
二/しまう,22
付き合い/支える,22
健次郎/くらす,22
娘/薄れる,22
愛/焦がす,22
それなり/くらす,22
依存/見える,22
なん/しまう,22
相棒/くらす,22
年/止まる,22
愛/すける,22
美化/しまう,22
姿/支える,22
前/送り出す,22
酒/しまう,22
前/摘む,22
前/編む,22
光源氏/支える,22
二/くらす,22
増/しまう,22
二/編む,22
最後/止まる,22
前/支える,22
自分/くらす,22
姿/摘む,22
娘/支える,22
遠征/止まる,22
我々/くらす,22
前/焦がす,22
自由/賜る,22
最後/歩く,22
姿/しまう,22
依存/会う,22
美/支える,22
娘/摘む,22
昼/歩く,22
娘/食べる,22
依存/居座る,22
自分/支える,22
癌/薄れる,22
お気に入り/しまう,22
舞踊/しまう,22
癌/入る,22
出演/くらす,22
娘/くらす,22
依存/摘む,22
ジュニア/支える,22
姿/入る,22
の/しまう,22
姿/くずす,22
結/支える,22
公演/歩く,22
依存/くずす,22
二/続く,22
相棒/しまう,22
依存/すける,22
野崎/くらす,22
癌/送り出す,22
癌/すける,22
愛/賜る,22
美/くらす,22
少女/しまう,22
青年/支える,22
癌/くずす,22
二/賜る,22
座長/下す,22
父/送り出す,22
依存/やける,22
前/食べる,22
お気に入り/くらす,22
イメージ/くらす,22
愛/送り出す,22
ケント/歩く,22
前/見える,22
姿/編む,22
自由/やける,22
依存/焦がす,22
父/続く,22
部/歩く,22
の/支える,22
自由/送り出す,22
焼き肉/しまう,22
愛/食べる,22
２/支える,22
座長/踊る,22
娘/入る,22
自由/支える,22
癌/焦がす,22
自分/しまう,22
光源氏/くらす,22
娘/焦がす,22
くん/支える,22
青年/くらす,22
美津子/かける,22
前/薄れる,22
増/くらす,22
川/支える,22
バッグ/くらす,22
依存/並ぶ,22
自由/くずす,22
ハンサム/支える,22
娘/会う,22
前/居座る,22
イメージ/支える,22
自由/すける,22
特別/くらす,22
の/くらす,22
酔い/しまう,22
癌/会う,22
付き合い/くらす,22
愛/支える,22
遠征/歩く,22
愛/並ぶ,22
鬼/止まる,22
たかし/歩く,22
前/並ぶ,22
月刊/支える,22
癌/居座る,22
哀川/つく,22
男/しまう,22
劇団/くらす,22
ショウ/支える,22
相棒/支える,22
青春/支える,22
姿/並ぶ,22
哀川/守る,22
姿/送り出す,22
年/歩く,22
蝶々/しまう,22
癌/食べる,22
男/支える,22
美/しまう,22
部/止まる,22
前/入る,22
イメージ/しまう,22
美化/くらす,22
二/薄れる,22
二/会う,22
酒/くらす,22
愛/編む,22
姿/居座る,22
舞踊/くらす,22
前/しまう,22
結/しまう,22
２/しまう,22
時代/しまう,22
割/支える,22
久しぶり/くらす,22
ハンサム/くらす,22
自由/続く,22
蝶々/支える,22
二/くずす,22
我々/支える,22
誕生/歩く,22
二/送り出す,22
依存/入る,22
姿/会う,22
愛/入る,22
良/しまう,22
姿/賜る,22
前/すける,22
中野/くらす,22
二/すける,22
娘/すける,22
父/会う,22
依存/編む,22
付き合い/しまう,22
薄/支える,22
ジュニア/くらす,22
時代/くらす,22
中野/しまう,22
前/賜る,22
二/見える,22
出演/しまう,22
出演/支える,22
姿/薄れる,22
依存/賜る,22
父/入る,22
姿/すける,22
笑/止まる,22
愛/くらす,22
娘/送り出す,22
自由/摘む,22
前/くずす,22
我々/しまう,22
自由/薄れる,22
くん/くらす,22
中/くらす,22
娘/居座る,22
よう/しまう,22
依存/支える,22
自由/焦がす,22
癌/並ぶ,22
自由/会う,22
依存/送り出す,22
癌/支える,22
愛/摘む,22
娘/続く,22
君/しまう,22
お気に入り/支える,22
前/やける,22
依存/食べる,22
中/支える,22
結/くらす,22
たかし/止まる,22
父/賜る,22
姿/くらす,22
父/並ぶ,22
娘/くずす,22
久しぶり/しまう,22
健次郎/支える,22
癌/見える,22
さくら/止まる,22
娘/並ぶ,22
特別/しまう,22
野崎/支える,22
君/くらす,22
青年/しまう,22
父/すける,22
父/食べる,22
久しぶり/支える,22
なん/くらす,22
二/並ぶ,22
依存/薄れる,22
癌/編む,22
美化/支える,22
夜/しまう,22
癌/摘む,22
父/居座る,22
２/くらす,22
二/焦がす,22
癌/続く,22
青春/しまう,22
割/しまう,22
月刊/くらす,22
依存/しまう,22
焼き肉/支える,22
昼/止まる,22
私/止まる,22
蝶々/くらす,22
愛/やける,22
癌/しまう,22
二/摘む,22
愛/会う,22
割/くらす,22
まこと/つく,22
姿/続く,22
二/入る,22
娘/見える,22
中野/支える,22
ハンサム/しまう,22
姿/見える,22
やつ/歩く,22
薄/くらす,22
自由/居座る,22
癌/くらす,22
父/くらす,22
くん/しまう,22
良/努める,21
相棒/努める,21
我々/努める,21
もの/死ぬ,21
美化/努める,21
二/努める,21
イメージ/努める,21
付き合い/努める,21
川/努める,21
それなり/努める,21
君/努める,21
時代/努める,21
ショウ/努める,21
姿/努める,21
よう/努める,21
青年/努める,21
里美/死ぬ,21
結/努める,21
父/努める,21
さ/死ぬ,21
薄/努める,21
出演/努める,21
男/努める,21
２/努める,21
たか/死ぬ,21
野崎/努める,21
夜/努める,21
割/努める,21
バッグ/努める,21
娘/努める,21
酒/努める,21
舞踊/努める,21
の/努める,21
光源氏/努める,21
特別/努める,21
久しぶり/努める,21
お気に入り/努める,21
美/努める,21
自分/努める,21
ジュニア/努める,21
青春/努める,21
なん/努める,21
ハンサム/努める,21
健次郎/努める,21
依存/努める,21
美津子/歩く,21
日/死ぬ,21
自由/努める,21
美津子/止まる,21
愛/努める,21
月刊/努める,21
劇団/努める,21
くん/努める,21
増/努める,21
癌/努める,21
酔い/努める,21
中野/努める,21
中/努める,21
焼き肉/努める,21
蝶々/努める,21
前/努める,21
少女/努める,21
訳/する,20
最終/いる,20
ルーム/する,20
これ/いる,20
大阪/する,20
乗り/する,20
大阪/いる,20
誠/踊る,20
ルーム/いる,20
これ/する,20
訳/いる,20
前日/する,20
最終/する,20
乗り/いる,20
誠/下す,20
哀川/そうろう,20
予約/いる,20
カラオケ/見る,20
予約/する,20
まこと/そうろう,20
前日/いる,20
父/溶く,19
二/溶く,19
中/溶く,19
２/溶く,19
それなり/溶く,19
の/溶く,19
結/溶く,19
光源氏/溶く,19
自由/溶く,19
愛/溶く,19
付き合い/溶く,19
娘/溶く,19
なん/溶く,19
ジュニア/溶く,19
バッグ/溶く,19
薄/溶く,19
男/溶く,19
前/溶く,19
ショウ/溶く,19
自分/溶く,19
野崎/溶く,19
少女/溶く,19
健次郎/溶く,19
姿/溶く,19
哀川/打つ,19
青春/溶く,19
青年/溶く,19
増/溶く,19
時代/溶く,19
夜/溶く,19
君/溶く,19
我々/溶く,19
酔い/溶く,19
依存/溶く,19
酒/溶く,19
川/溶く,19
美/溶く,19
中野/溶く,19
くん/溶く,19
劇団/溶く,19
出演/溶く,19
特別/溶く,19
月刊/溶く,19
舞踊/溶く,19
まこと/打つ,19
焼き肉/溶く,19
よう/溶く,19
お気に入り/溶く,19
美化/溶く,19
ハンサム/溶く,19
イメージ/溶く,19
良/溶く,19
割/溶く,19
蝶々/溶く,19
相棒/溶く,19
癌/溶く,19
久しぶり/溶く,19
隊/しまう,18
十/守る,18
十/くらす,18
隊/くずす,18
前/守る,18
番/賜る,18
隊長/すける,18
番/入る,18
新撰/溶く,18
薄/守る,18
男/守る,18
新撰/やける,18
隊/守る,18
ジュニア/守る,18
番/くずす,18
組/くずす,18
相棒/守る,18
番/会う,18
イメージ/つく,18
良/守る,18
健次郎/守る,18
夜/守る,18
久しぶり/守る,18
野崎/守る,18
ハンサム/守る,18
隊/賜る,18
十/つく,18
劇団/つく,18
蝶々/つく,18
組/賜る,18
新撰/続く,18
父/守る,18
隊長/溶く,18
自由/つく,18
組/並ぶ,18
隊長/食べる,18
番/送り出す,18
新撰/食べる,18
隊長/続く,18
割/守る,18
組/会う,18
十/送り出す,18
組/しまう,18
十/賜る,18
隊/並ぶ,18
焼き肉/つく,18
青年/つく,18
ショウ/守る,18
番/守る,18
我々/つく,18
十/焦がす,18
依存/守る,18
番/編む,18
隊長/送り出す,18
姿/つく,18
なん/つく,18
新撰/会う,18
組/続く,18
美化/つく,18
隊長/会う,18
新撰/送り出す,18
舞踊/守る,18
新撰/すける,18
特別/守る,18
酒/守る,18
中/守る,18
新撰/くずす,18
番/薄れる,18
番/居座る,18
それなり/守る,18
時代/守る,18
十/やける,18
君/守る,18
新撰/しまう,18
隊長/守る,18
十/溶く,18
青春/守る,18
十/居座る,18
隊長/摘む,18
愛/守る,18
隊/食べる,18
薄/つく,18
隊長/賜る,18
の/守る,18
美/守る,18
番/食べる,18
お気に入り/つく,18
隊長/居座る,18
新撰/編む,18
愛/つく,18
癌/つく,18
月刊/つく,18
新撰/居座る,18
新撰/薄れる,18
十/努める,18
隊/つく,18
よう/守る,18
時代/つく,18
バッグ/つく,18
組/薄れる,18
十/支える,18
隊長/くずす,18
十/すける,18
番/つく,18
番/溶く,18
番/しまう,18
出演/守る,18
十/続く,18
隊長/焦がす,18
組/摘む,18
中/つく,18
割/つく,18
癌/守る,18
焼き肉/守る,18
劇団/守る,18
隊/焦がす,18
父/つく,18
新撰/焦がす,18
なん/守る,18
増/つく,18
隊長/努める,18
番/摘む,18
組/焦がす,18
隊/くらす,18
組/やける,18
番/支える,18
依存/つく,18
二/守る,18
新撰/見える,18
番/並ぶ,18
バッグ/守る,18
自分/守る,18
健次郎/つく,18
新撰/支える,18
組/守る,18
自分/つく,18
組/努める,18
娘/守る,18
隊/続く,18
久しぶり/つく,18
隊/薄れる,18
お気に入り/守る,18
光源氏/守る,18
隊/見える,18
美化/守る,18
酒/つく,18
舞踊/つく,18
隊/居座る,18
十/薄れる,18
前/つく,18
自由/守る,18
相棒/つく,18
酔い/守る,18
十/並ぶ,18
隊長/つく,18
十/摘む,18
組/居座る,18
組/入る,18
番/くらす,18
結/つく,18
くん/つく,18
十/しまう,18
二/つく,18
十/見える,18
ハンサム/つく,18
番/続く,18
少女/守る,18
付き合い/つく,18
隊/努める,18
光源氏/つく,18
隊/支える,18
良/つく,18
蝶々/守る,18
隊長/薄れる,18
隊/摘む,18
中野/つく,18
隊長/やける,18
増/守る,18
十/会う,18
組/編む,18
隊/編む,18
それなり/つく,18
隊長/見える,18
の/つく,18
よう/つく,18
野崎/つく,18
番/すける,18
月刊/守る,18
隊長/編む,18
隊長/並ぶ,18
美/つく,18
新撰/くらす,18
隊/すける,18
隊/やける,18
姿/守る,18
組/つく,18
少女/つく,18
夜/つく,18
新撰/並ぶ,18
隊長/くらす,18
出演/つく,18
青春/つく,18
十/食べる,18
組/溶く,18
酔い/つく,18
組/見える,18
隊長/入る,18
特別/つく,18
番/やける,18
新撰/摘む,18
組/くらす,18
川/つく,18
新撰/努める,18
イメージ/守る,18
川/守る,18
隊長/支える,18
隊/入る,18
２/つく,18
新撰/つく,18
新撰/入る,18
付き合い/守る,18
隊/送り出す,18
番/見える,18
新撰/賜る,18
十/くずす,18
くん/守る,18
組/支える,18
我々/守る,18
娘/つく,18
青年/守る,18
新撰/守る,18
組/送り出す,18
隊/会う,18
男/つく,18
十/入る,18
組/すける,18
隊/溶く,18
結/守る,18
十/編む,18
番/努める,18
君/つく,18
ショウ/つく,18
中野/守る,18
隊長/しまう,18
番/焦がす,18
２/守る,18
ジュニア/つく,18
組/食べる,18
鳴子/努める,17
鳴子/摘む,17
鳴子/くずす,17
華/つく,17
鳴子/支える,17
華/賜る,17
哀川/起こる,17
鳴子/入る,17
華/摘む,17
鳴子/会う,17
鳴子/焦がす,17
鳴子/見える,17
華/支える,17
華/入る,17
華/見える,17
華/薄れる,17
華/送り出す,17
華/食べる,17
華/続く,17
華/並ぶ,17
鳴子/やける,17
鳴子/編む,17
鳴子/居座る,17
華/溶く,17
鳴子/しまう,17
鳴子/続く,17
華/居座る,17
華/努める,17
鳴子/賜る,17
鳴子/溶く,17
華/編む,17
鳴子/送り出す,17
華/くらす,17
鳴子/つく,17
鳴子/薄れる,17
鳴子/すける,17
鳴子/くらす,17
華/会う,17
鳴子/並ぶ,17
華/焦がす,17
華/やける,17
華/守る,17
鳴子/守る,17
鳴子/食べる,17
華/すける,17
まこと/起こる,17
華/くずす,17
華/しまう,17
芝居/努める,16
こうた/賜る,16
人情/くらす,16
春雨/支える,16
ハンサム/そうろう,16
傘/薄れる,16
傘/送り出す,16
番/そうろう,16
冬/編む,16
春雨/見える,16
人情/居座る,16
付き合い/そうろう,16
人情/焦がす,16
自由/そうろう,16
春雨/くらす,16
増/そうろう,16
桜/踊る,16
人情/薄れる,16
傘/食べる,16
こうた/くずす,16
我々/そうろう,16
新撰/そうろう,16
桜/下す,16
夜/そうろう,16
中野/そうろう,16
鳴子/そうろう,16
芝居/賜る,16
傘/やける,16
春雨/薄れる,16
ショウ/そうろう,16
哀川/かける,16
こうた/焦がす,16
月刊/そうろう,16
少女/そうろう,16
前/そうろう,16
冬/摘む,16
二/そうろう,16
芝居/薄れる,16
春雨/続く,16
隊長/そうろう,16
特別/そうろう,16
傘/見える,16
酔い/そうろう,16
人情/努める,16
傘/支える,16
傘/賜る,16
芝居/くらす,16
こうた/居座る,16
華/そうろう,16
傘/しまう,16
劇団/そうろう,16
こうた/摘む,16
相棒/そうろう,16
人情/食べる,16
フィナーレ/見る,16
人情/入る,16
節/見る,16
こうた/そうろう,16
中/そうろう,16
芝居/しまう,16
人情/くずす,16
真芸/する,16
美/そうろう,16
傘/続く,16
青年/そうろう,16
春雨/焦がす,16
芝居/居座る,16
久しぶり/そうろう,16
春雨/やける,16
２/そうろう,16
人情/送り出す,16
芝居/並ぶ,16
イメージ/そうろう,16
座/する,16
傘/摘む,16
芝居/くずす,16
冬/食べる,16
それなり/そうろう,16
十/そうろう,16
冬/努める,16
座/いる,16
バッグ/そうろう,16
父/そうろう,16
春雨/入る,16
冬/薄れる,16
松井/いる,16
こうた/見える,16
春雨/守る,16
こうた/続く,16
こうた/薄れる,16
春雨/すける,16
こうた/編む,16
人情/摘む,16
芝居/溶く,16
結/そうろう,16
冬/並ぶ,16
冬/そうろう,16
春雨/編む,16
春雨/並ぶ,16
冬/見える,16
冬/居座る,16
春雨/会う,16
傘/くらす,16
芝居/会う,16
依存/そうろう,16
よう/そうろう,16
の/そうろう,16
芝居/すける,16
冬/焦がす,16
芝居/編む,16
傘/入る,16
傘/つく,16
傘/会う,16
冬/くらす,16
人情/賜る,16
くん/そうろう,16
人情/見える,16
春雨/送り出す,16
良/そうろう,16
人情/しまう,16
芝居/守る,16
明後日/見る,16
美化/そうろう,16
傘/溶く,16
人情/守る,16
冬/やける,16
春雨/くずす,16
人情/支える,16
芝居/摘む,16
春雨/そうろう,16
組/そうろう,16
松井/する,16
冬/続く,16
芝居/支える,16
こうた/努める,16
芝居/そうろう,16
新生/いる,16
芝居/送り出す,16
傘/居座る,16
芝居/焦がす,16
新生/する,16
傘/努める,16
人情/つく,16
春雨/溶く,16
傘/並ぶ,16
酒/そうろう,16
芝居/食べる,16
木曽/見る,16
春雨/摘む,16
君/そうろう,16
ジュニア/そうろう,16
芝居/つく,16
冬/送り出す,16
春雨/しまう,16
芝居/入る,16
こうた/すける,16
人情/そうろう,16
姿/そうろう,16
人情/並ぶ,16
隊/そうろう,16
傘/すける,16
時代/そうろう,16
春雨/賜る,16
春雨/努める,16
傘/編む,16
冬/守る,16
男/そうろう,16
自分/そうろう,16
芝居/続く,16
人情/やける,16
こうた/溶く,16
川/そうろう,16
蝶々/そうろう,16
芝居/やける,16
人情/編む,16
こうた/会う,16
割/そうろう,16
こうた/支える,16
こうた/食べる,16
春雨/食べる,16
冬/会う,16
春雨/つく,16
真芸/いる,16
癌/そうろう,16
人情/会う,16
春雨/居座る,16
こうた/守る,16
人情/すける,16
こうた/つく,16
愛/そうろう,16
青春/そうろう,16
人情/溶く,16
健次郎/そうろう,16
焼き肉/そうろう,16
舞踊/そうろう,16
傘/くずす,16
芝居/見える,16
こうた/やける,16
こうた/送り出す,16
こうた/並ぶ,16
傘/守る,16
冬/賜る,16
野崎/そうろう,16
冬/支える,16
傘/そうろう,16
出演/そうろう,16
冬/しまう,16
冬/すける,16
まこと/かける,16
傘/焦がす,16
こうた/入る,16
冬/つく,16
三度笠/見る,16
冬/溶く,16
光源氏/そうろう,16
人情/続く,16
娘/そうろう,16
冬/くずす,16
薄/そうろう,16
こうた/しまう,16
なん/そうろう,16
こうた/くらす,16
冬/入る,16
お気に入り/そうろう,16
華/打つ,15
夜/打つ,15
月刊/打つ,15
まこと/止まる,15
野崎/打つ,15
特別/打つ,15
冬/打つ,15
薄/打つ,15
隊/打つ,15
相棒/打つ,15
中/打つ,15
癌/打つ,15
劇団/打つ,15
健次郎/打つ,15
傘/打つ,15
まこと/歩く,15
増/打つ,15
春雨/打つ,15
酒/打つ,15
組/打つ,15
新撰/打つ,15
よう/打つ,15
出演/打つ,15
バッグ/打つ,15
愛/打つ,15
姿/打つ,15
ショウ/打つ,15
人情/打つ,15
哀川/止まる,15
自由/打つ,15
自分/打つ,15
舞踊/打つ,15
こうた/打つ,15
中野/打つ,15
川/打つ,15
青年/打つ,15
酔い/打つ,15
久しぶり/打つ,15
の/打つ,15
父/打つ,15
君/打つ,15
くん/打つ,15
焼き肉/打つ,15
なん/打つ,15
付き合い/打つ,15
２/打つ,15
鳴子/打つ,15
隊長/打つ,15
良/打つ,15
蝶々/打つ,15
美/打つ,15
芝居/打つ,15
男/打つ,15
お気に入り/打つ,15
結/打つ,15
二/打つ,15
少女/打つ,15
それなり/打つ,15
ハンサム/打つ,15
光源氏/打つ,15
十/打つ,15
時代/打つ,15
青春/打つ,15
番/打つ,15
美化/打つ,15
依存/打つ,15
割/打つ,15
我々/打つ,15
娘/打つ,15
前/打つ,15
哀川/歩く,15
ジュニア/打つ,15
イメージ/打つ,15
気持ち/しまう,14
美津子/死ぬ,14
気持ち/入る,14
気持ち/摘む,14
笑/死ぬ,14
気持ち/賜る,14
鬼/死ぬ,14
気持ち/薄れる,14
やつ/死ぬ,14
遠征/死ぬ,14
気持ち/編む,14
気持ち/すける,14
気持ち/続く,14
気持ち/溶く,14
ケント/死ぬ,14
気持ち/居座る,14
気持ち/並ぶ,14
昼/死ぬ,14
気持ち/やける,14
気持ち/食べる,14
気持ち/くずす,14
私/死ぬ,14
公演/死ぬ,14
年/死ぬ,14
最後/死ぬ,14
気持ち/支える,14
気持ち/焦がす,14
気持ち/見える,14
気持ち/くらす,14
気持ち/会う,14
たかし/死ぬ,14
気持ち/打つ,14
部/死ぬ,14
気持ち/送り出す,14
気持ち/努める,14
気持ち/そうろう,14
さくら/死ぬ,14
気持ち/つく,14
誕生/死ぬ,14
気持ち/守る,14
人情/起こる,13
よう/起こる,13
組/起こる,13
時代/起こる,13
結/起こる,13
健次郎/起こる,13
ショウ/起こる,13
新撰/起こる,13
芝居/起こる,13
青春/起こる,13
増/起こる,13
姿/起こる,13
少女/起こる,13
中野/起こる,13
鳴子/起こる,13
気持ち/起こる,13
青年/起こる,13
月刊/起こる,13
相棒/起こる,13
夜/起こる,13
愛/起こる,13
舞踊/起こる,13
自分/起こる,13
出演/起こる,13
自由/起こる,13
隊長/起こる,13
傘/起こる,13
薄/起こる,13
劇団/起こる,13
中/起こる,13
付き合い/起こる,13
酔い/起こる,13
野崎/起こる,13
お気に入り/起こる,13
父/起こる,13
前/起こる,13
の/起こる,13
番/起こる,13
隊/起こる,13
娘/起こる,13
男/起こる,13
蝶々/起こる,13
十/起こる,13
君/起こる,13
なん/起こる,13
イメージ/起こる,13
冬/起こる,13
特別/起こる,13
久しぶり/起こる,13
癌/起こる,13
美化/起こる,13
依存/起こる,13
２/起こる,13
バッグ/起こる,13
焼き肉/起こる,13
川/起こる,13
二/起こる,13
良/起こる,13
割/起こる,13
酒/起こる,13
我々/起こる,13
春雨/起こる,13
くん/起こる,13
ハンサム/起こる,13
華/起こる,13
それなり/起こる,13
ジュニア/起こる,13
美/起こる,13
こうた/起こる,13
光源氏/起こる,13
花/支える,12
当日/打つ,12
入り口/見える,12
お祝い/見える,12
謙之/並ぶ,12
様子/薄れる,12
たくさん/食べる,12
バッグ/かける,12
ミニ/つく,12
謙之/つく,12
謙之/会う,12
愛/かける,12
介/くずす,12
花/編む,12
入り口/送り出す,12
お祝い/つく,12
日/下す,12
お祝い/溶く,12
父/かける,12
謙之/入る,12
うめ/やける,12
様子/しまう,12
理由/すける,12
花/そうろう,12
ショー/食べる,12
謙之/起こる,12
花/焦がす,12
様子/続く,12
娘/かける,12
うめ/くらす,12
たくさん/入る,12
たくさん/続く,12
うめ/賜る,12
酒/かける,12
介/そうろう,12
理由/守る,12
花/並ぶ,12
様子/居座る,12
ショー/つく,12
意外/する,12
なん/かける,12
当日/居座る,12
入り口/並ぶ,12
お祝い/支える,12
当日/編む,12
美/かける,12
入り口/食べる,12
介/続く,12
入り口/薄れる,12
花/摘む,12
華/かける,12
うめ/送り出す,12
謙之/賜る,12
前/かける,12
当日/並ぶ,12
美化/かける,12
理由/溶く,12
入り口/くずす,12
ミニ/焦がす,12
理由/焦がす,12
様子/くらす,12
花/会う,12
謙之/見える,12
たくさん/送り出す,12
入り口/焦がす,12
様子/摘む,12
入り口/すける,12
謙之/編む,12
我々/かける,12
当日/くずす,12
少女/かける,12
うめ/支える,12
うめ/くずす,12
介/食べる,12
夜/かける,12
ショー/摘む,12
様子/努める,12
お気に入り/かける,12
野崎/かける,12
様子/支える,12
光源氏/かける,12
たくさん/支える,12
様子/編む,12
付き合い/かける,12
謙之/くずす,12
花/くらす,12
ショー/焦がす,12
理由/会う,12
もの/踊る,12
入り口/起こる,12
たくさん/見える,12
たくさん/つく,12
介/やける,12
理由/並ぶ,12
入り口/溶く,12
理由/摘む,12
たくさん/かける,12
組/かける,12
たか/踊る,12
お祝い/編む,12
ミニ/打つ,12
くん/かける,12
たくさん/会う,12
良/かける,12
うめ/守る,12
青年/かける,12
ん/いる,12
うめ/並ぶ,12
様子/入る,12
花/賜る,12
癌/かける,12
たくさん/すける,12
お祝い/すける,12
謙之/そうろう,12
当日/起こる,12
傘/かける,12
ショウ/かける,12
こうた/かける,12
舞踊/かける,12
たくさん/やける,12
たくさん/打つ,12
葉/する,12
ショー/そうろう,12
ミニ/会う,12
ミニ/並ぶ,12
入り口/続く,12
ショー/支える,12
けっこう/いる,12
よう/かける,12
お祝い/賜る,12
花/やける,12
介/送り出す,12
謙之/しまう,12
男/かける,12
ショー/努める,12
うめ/見える,12
お祝い/しまう,12
たくさん/しまう,12
うめ/編む,12
蝶々/かける,12
ミニ/やける,12
ミニ/食べる,12
入り口/編む,12
人情/かける,12
お祝い/やける,12
うめ/食べる,12
うめ/溶く,12
久々/見る,12
里美/下す,12
介/編む,12
たくさん/起こる,12
理由/やける,12
介/守る,12
薄/かける,12
謙之/かける,12
介/会う,12
理由/入る,12
新撰/かける,12
の/かける,12
ショー/編む,12
花/見える,12
お祝い/居座る,12
花/すける,12
特別/かける,12
イメージ/かける,12
様子/すける,12
様子/送り出す,12
相棒/かける,12
介/かける,12
謙之/焦がす,12
当日/つく,12
青春/かける,12
ショー/くずす,12
様子/溶く,12
里美/踊る,12
うめ/会う,12
謙之/溶く,12
たくさん/薄れる,12
様子/打つ,12
２/かける,12
花/努める,12
謙之/努める,12
ショー/送り出す,12
うめ/すける,12
出演/かける,12
当日/送り出す,12
ミニ/編む,12
介/つく,12
たくさん/賜る,12
当日/守る,12
ミニ/くらす,12
花/溶く,12
介/賜る,12
たくさん/努める,12
介/薄れる,12
入り口/そうろう,12
花/食べる,12
お祝い/起こる,12
介/焦がす,12
入り口/摘む,12
理由/支える,12
様子/焦がす,12
理由/かける,12
たくさん/居座る,12
様子/つく,12
久しぶり/かける,12
お祝い/焦がす,12
花/つく,12
川/かける,12
入り口/会う,12
闇/いる,12
当日/かける,12
理由/起こる,12
ショー/薄れる,12
たくさん/摘む,12
隊長/かける,12
ミニ/しまう,12
謙之/守る,12
お祝い/続く,12
うめ/そうろう,12
理由/続く,12
うめ/入る,12
様子/やける,12
ショー/すける,12
様子/見える,12
理由/打つ,12
入り口/支える,12
当日/努める,12
当日/しまう,12
様子/くずす,12
お祝い/送り出す,12
それなり/かける,12
日/踊る,12
介/すける,12
当日/焦がす,12
当日/溶く,12
入り口/つく,12
理由/送り出す,12
うめ/つく,12
ミニ/かける,12
謙之/打つ,12
ミニ/溶く,12
花/薄れる,12
理由/つく,12
もの/下す,12
ミニ/薄れる,12
自由/かける,12
介/入る,12
うめ/居座る,12
うめ/続く,12
ミニ/起こる,12
ミニ/摘む,12
当日/そうろう,12
ハンサム/かける,12
うめ/打つ,12
酔い/かける,12
ショー/居座る,12
当日/食べる,12
ショー/入る,12
ショー/続く,12
当日/すける,12
ショー/並ぶ,12
入り口/やける,12
入り口/努める,12
うめ/しまう,12
様子/食べる,12
さ/踊る,12
入り口/居座る,12
お祝い/努める,12
当日/会う,12
様子/守る,12
たくさん/並ぶ,12
たくさん/守る,12
健次郎/かける,12
劇団/かける,12
お祝い/並ぶ,12
花/起こる,12
謙之/居座る,12
ミニ/続く,12
ミニ/努める,12
姿/かける,12
お祝い/摘む,12
葉/いる,12
理由/食べる,12
演技/見る,12
ミニ/送り出す,12
花/打つ,12
ショー/くらす,12
謙之/すける,12
当日/見える,12
相/いる,12
介/くらす,12
ショー/会う,12
割/かける,12
君/かける,12
うめ/摘む,12
たくさん/そうろう,12
うめ/努める,12
理由/居座る,12
謙之/摘む,12
当日/入る,12
花/居座る,12
ミニ/守る,12
介/並ぶ,12
介/支える,12
ん/する,12
謙之/送り出す,12
中野/かける,12
春雨/かける,12
当日/続く,12
謙之/やける,12
絶対/いる,12
入り口/くらす,12
相/する,12
ミニ/支える,12
謙之/支える,12
ミニ/居座る,12
花/かける,12
介/溶く,12
入り口/賜る,12
ショー/打つ,12
うめ/かける,12
様子/かける,12
様子/賜る,12
結/かける,12
お祝い/会う,12
お祝い/食べる,12
ショー/溶く,12
鳴子/かける,12
たくさん/くらす,12
ショー/かける,12
当日/賜る,12
花/続く,12
当日/やける,12
様子/会う,12
さ/下す,12
お祝い/そうろう,12
介/打つ,12
冬/かける,12
ジュニア/かける,12
ショー/守る,12
介/居座る,12
ミニ/そうろう,12
花/送り出す,12
たくさん/溶く,12
介/見える,12
様子/起こる,12
ショー/やける,12
花/くずす,12
お祝い/かける,12
焼き肉/かける,12
謙之/くらす,12
たくさん/編む,12
入り口/入る,12
ミニ/入る,12
理由/くずす,12
ショー/しまう,12
ミニ/見える,12
介/摘む,12
中/かける,12
芝居/かける,12
お祝い/打つ,12
二/かける,12
気持ち/かける,12
入り口/守る,12
絶対/する,12
お祝い/くずす,12
理由/しまう,12
様子/そうろう,12
たくさん/くずす,12
うめ/焦がす,12
花/しまう,12
うめ/起こる,12
理由/薄れる,12
花/入る,12
うめ/薄れる,12
様子/並ぶ,12
たか/下す,12
ミニ/賜る,12
入り口/かける,12
理由/賜る,12
理由/編む,12
謙之/薄れる,12
介/努める,12
当日/支える,12
理由/見える,12
当日/くらす,12
増/かける,12
時代/かける,12
たくさん/焦がす,12
謙之/食べる,12
ショー/起こる,12
理由/そうろう,12
介/起こる,12
隊/かける,12
お祝い/薄れる,12
お祝い/くらす,12
けっこう/する,12
当日/摘む,12
ショー/賜る,12
介/しまう,12
十/かける,12
謙之/続く,12
月刊/かける,12
ショー/見える,12
お祝い/守る,12
当日/薄れる,12
理由/努める,12
番/かける,12
闇/する,12
入り口/しまう,12
ミニ/くずす,12
入り口/打つ,12
お祝い/入る,12
ミニ/すける,12
理由/くらす,12
意外/いる,12
自分/かける,12
依存/かける,12
花/守る,12
付き合い/止まる,11
番/止まる,11
たくさん/止まる,11
介/歩く,11
君/歩く,11
時代/止まる,11
華/止まる,11
お祝い/止まる,11
冬/止まる,11
謙之/歩く,11
中/歩く,11
芝居/止まる,11
雑談/並ぶ,11
バッグ/止まる,11
雑談/送り出す,11
前/止まる,11
月刊/止まる,11
少女/止まる,11
癌/歩く,11
自分/止まる,11
雑談/つく,11
入り口/歩く,11
くん/歩く,11
蝶々/歩く,11
雑談/入る,11
雑談/止まる,11
相棒/歩く,11
華/歩く,11
雑談/すける,11
酔い/止まる,11
青春/歩く,11
雑談/続く,11
夜/歩く,11
出演/止まる,11
雑談/薄れる,11
酒/歩く,11
癌/止まる,11
劇団/止まる,11
鳴子/止まる,11
愛/歩く,11
お祝い/歩く,11
雑談/食べる,11
介/止まる,11
傘/歩く,11
様子/歩く,11
雑談/歩く,11
お気に入り/止まる,11
雑談/そうろう,11
イメージ/歩く,11
付き合い/歩く,11
良/止まる,11
姿/止まる,11
ハンサム/止まる,11
雑談/打つ,11
ミニ/歩く,11
割/止まる,11
隊/歩く,11
父/歩く,11
雑談/やける,11
娘/歩く,11
健次郎/歩く,11
我々/止まる,11
ジュニア/歩く,11
娘/止まる,11
当日/止まる,11
理由/止まる,11
ショー/止まる,11
舞踊/止まる,11
中野/歩く,11
気持ち/歩く,11
お気に入り/歩く,11
傘/止まる,11
組/歩く,11
自由/止まる,11
野崎/歩く,11
の/止まる,11
男/歩く,11
入り口/止まる,11
劇団/歩く,11
美/止まる,11
君/止まる,11
組/止まる,11
なん/歩く,11
自分/歩く,11
謙之/止まる,11
の/歩く,11
雑談/支える,11
雑談/くらす,11
舞踊/歩く,11
新撰/止まる,11
美/歩く,11
自由/歩く,11
それなり/止まる,11
雑談/居座る,11
鳴子/歩く,11
酔い/歩く,11
ショウ/止まる,11
増/止まる,11
雑談/焦がす,11
久しぶり/止まる,11
青年/止まる,11
男/止まる,11
特別/止まる,11
光源氏/止まる,11
雑談/会う,11
哀川/死ぬ,11
よう/止まる,11
なん/止まる,11
こうた/歩く,11
隊/止まる,11
夜/止まる,11
十/止まる,11
川/歩く,11
新撰/歩く,11
二/歩く,11
増/歩く,11
うめ/止まる,11
こうた/止まる,11
ミニ/止まる,11
雑談/賜る,11
中/止まる,11
我々/歩く,11
時代/歩く,11
青年/歩く,11
相棒/止まる,11
雑談/起こる,11
出演/歩く,11
中野/止まる,11
薄/歩く,11
よう/歩く,11
姿/歩く,11
花/止まる,11
春雨/歩く,11
様子/止まる,11
健次郎/止まる,11
隊長/歩く,11
依存/歩く,11
ジュニア/止まる,11
結/歩く,11
芝居/歩く,11
青春/止まる,11
前/歩く,11
２/止まる,11
薄/止まる,11
蝶々/止まる,11
雑談/摘む,11
久しぶり/歩く,11
二/止まる,11
依存/止まる,11
うめ/歩く,11
良/歩く,11
隊長/止まる,11
割/歩く,11
ショウ/歩く,11
春雨/止まる,11
たくさん/歩く,11
冬/歩く,11
花/歩く,11
番/歩く,11
当日/歩く,11
雑談/かける,11
雑談/くずす,11
雑談/しまう,11
野崎/止まる,11
雑談/溶く,11
父/止まる,11
川/止まる,11
まこと/死ぬ,11
それなり/歩く,11
美化/歩く,11
少女/歩く,11
イメージ/止まる,11
焼き肉/歩く,11
くん/止まる,11
雑談/努める,11
２/歩く,11
結/止まる,11
人情/止まる,11
月刊/歩く,11
酒/止まる,11
特別/歩く,11
雑談/編む,11
光源氏/歩く,11
十/歩く,11
バッグ/歩く,11
ハンサム/歩く,11
ショー/歩く,11
焼き肉/止まる,11
理由/歩く,11
美化/止まる,11
愛/止まる,11
人情/歩く,11
気持ち/止まる,11
雑談/見える,11
雑談/守る,11
訳/見る,10
さん/憩う,10
カラオケ/入る,10
カラオケ/居座る,10
カラオケ/焦がす,10
最終/見る,10
カラオケ/すける,10
大阪/見る,10
カラオケ/会う,10
予約/見る,10
カラオケ/編む,10
カラオケ/支える,10
カラオケ/死ぬ,10
カラオケ/歩く,10
カラオケ/続く,10
カラオケ/やける,10
カラオケ/そうろう,10
カラオケ/並ぶ,10
カラオケ/見える,10
カラオケ/努める,10
カラオケ/つく,10
カラオケ/摘む,10
カラオケ/止まる,10
カラオケ/守る,10
カラオケ/食べる,10
カラオケ/溶く,10
カラオケ/くずす,10
乗り/見る,10
これ/見る,10
カラオケ/しまう,10
ルーム/見る,10
カラオケ/賜る,10
カラオケ/送り出す,10
前日/見る,10
カラオケ/かける,10
カラオケ/薄れる,10
カラオケ/打つ,10
カラオケ/起こる,10
カラオケ/くらす,10
フィナーレ/会う,8
橘/いる,8
明後日/打つ,8
節/賜る,8
遠征/下す,8
節/編む,8
木曽/摘む,8
フィナーレ/努める,8
松井/見る,8
節/歩く,8
私/下す,8
明後日/やける,8
三度笠/賜る,8
木曽/かける,8
鬼/下す,8
明後日/居座る,8
やつ/下す,8
三度笠/すける,8
橘/する,8
三度笠/編む,8
木曽/守る,8
明後日/焦がす,8
明後日/かける,8
三度笠/見える,8
笑/踊る,8
三度笠/努める,8
明後日/止まる,8
丸/いる,8
フィナーレ/摘む,8
フィナーレ/くずす,8
ケント/下す,8
三度笠/溶く,8
誕生/下す,8
美津子/下す,8
ケント/踊る,8
節/そうろう,8
やつ/踊る,8
フィナーレ/しまう,8
三度笠/つく,8
三度笠/起こる,8
フィナーレ/賜る,8
三度笠/やける,8
明後日/並ぶ,8
フィナーレ/溶く,8
節/努める,8
女形/する,8
明後日/続く,8
フィナーレ/食べる,8
さくら/踊る,8
フィナーレ/かける,8
節/打つ,8
三度笠/会う,8
たかし/下す,8
昼/踊る,8
明後日/守る,8
明後日/見える,8
木曽/打つ,8
三度笠/並ぶ,8
遠征/踊る,8
フィナーレ/打つ,8
三度笠/しまう,8
節/薄れる,8
フィナーレ/見える,8
真芸/見る,8
明後日/すける,8
公演/下す,8
フィナーレ/焦がす,8
木曽/見える,8
フィナーレ/くらす,8
最後/下す,8
美津子/踊る,8
フィナーレ/続く,8
節/止まる,8
節/やける,8
木曽/居座る,8
節/居座る,8
昼/下す,8
明後日/起こる,8
三度笠/薄れる,8
明後日/賜る,8
節/くずす,8
木曽/すける,8
明後日/食べる,8
木曽/支える,8
木曽/やける,8
三度笠/くずす,8
フィナーレ/編む,8
三度笠/歩く,8
節/見える,8
フィナーレ/守る,8
明後日/くずす,8
新生/見る,8
部/下す,8
さくら/下す,8
節/並ぶ,8
三度笠/居座る,8
三度笠/送り出す,8
節/焦がす,8
節/会う,8
女形/いる,8
木曽/賜る,8
木曽/つく,8
フィナーレ/起こる,8
三度笠/支える,8
節/続く,8
年/下す,8
フィナーレ/支える,8
三度笠/くらす,8
木曽/起こる,8
三度笠/続く,8
木曽/努める,8
三度笠/そうろう,8
カラオケ/下す,8
年/踊る,8
龍/する,8
フィナーレ/すける,8
フィナーレ/並ぶ,8
節/すける,8
フィナーレ/送り出す,8
哀川/踊る,8
木曽/入る,8
木曽/薄れる,8
明後日/支える,8
節/食べる,8
明後日/会う,8
節/しまう,8
三度笠/打つ,8
木曽/焦がす,8
明後日/送り出す,8
誕生/踊る,8
木曽/しまう,8
公演/踊る,8
最後/踊る,8
節/溶く,8
部/踊る,8
木曽/くずす,8
明後日/編む,8
木曽/会う,8
三度笠/守る,8
節/起こる,8
フィナーレ/そうろう,8
節/支える,8
明後日/くらす,8
木曽/食べる,8
木曽/並ぶ,8
三度笠/止まる,8
フィナーレ/入る,8
明後日/歩く,8
明後日/摘む,8
私/踊る,8
節/守る,8
フィナーレ/止まる,8
木曽/続く,8
三度笠/かける,8
フィナーレ/居座る,8
木曽/くらす,8
木曽/溶く,8
三度笠/入る,8
鬼/踊る,8
三度笠/摘む,8
木曽/送り出す,8
木曽/歩く,8
節/つく,8
まこと/踊る,8
座/見る,8
節/かける,8
笑/下す,8
節/送り出す,8
たかし/踊る,8
フィナーレ/薄れる,8
木曽/止まる,8
丸/する,8
節/入る,8
節/くらす,8
明後日/しまう,8
龍/いる,8
明後日/努める,8
まこと/下す,8
木曽/編む,8
哀川/下す,8
フィナーレ/やける,8
フィナーレ/歩く,8
明後日/薄れる,8
三度笠/焦がす,8
木曽/そうろう,8
カラオケ/踊る,8
明後日/入る,8
フィナーレ/つく,8
三度笠/食べる,8
明後日/つく,8
節/摘む,8
明後日/そうろう,8
明後日/溶く,8
青年/死ぬ,7
の/死ぬ,7
こうた/死ぬ,7
光源氏/死ぬ,7
当日/死ぬ,7
ショウ/死ぬ,7
冬/死ぬ,7
結/死ぬ,7
華/死ぬ,7
三度笠/死ぬ,7
２/死ぬ,7
隊長/死ぬ,7
男/死ぬ,7
春雨/死ぬ,7
少女/死ぬ,7
新撰/死ぬ,7
木曽/死ぬ,7
お祝い/死ぬ,7
節/死ぬ,7
傘/死ぬ,7
ミニ/死ぬ,7
雑談/死ぬ,7
付き合い/死ぬ,7
中/死ぬ,7
増/死ぬ,7
時代/死ぬ,7
娘/死ぬ,7
介/死ぬ,7
明後日/死ぬ,7
ハンサム/死ぬ,7
それなり/死ぬ,7
様子/死ぬ,7
よう/死ぬ,7
フィナーレ/死ぬ,7
中野/死ぬ,7
バッグ/死ぬ,7
芝居/死ぬ,7
姿/死ぬ,7
癌/死ぬ,7
酔い/死ぬ,7
なん/死ぬ,7
自分/死ぬ,7
健次郎/死ぬ,7
お気に入り/死ぬ,7
気持ち/死ぬ,7
鳴子/死ぬ,7
舞踊/死ぬ,7
美/死ぬ,7
野崎/死ぬ,7
劇団/死ぬ,7
薄/死ぬ,7
割/死ぬ,7
前/死ぬ,7
謙之/死ぬ,7
番/死ぬ,7
酒/死ぬ,7
依存/死ぬ,7
我々/死ぬ,7
愛/死ぬ,7
入り口/死ぬ,7
ショー/死ぬ,7
久しぶり/死ぬ,7
理由/死ぬ,7
夜/死ぬ,7
父/死ぬ,7
月刊/死ぬ,7
相棒/死ぬ,7
うめ/死ぬ,7
二/死ぬ,7
イメージ/死ぬ,7
特別/死ぬ,7
良/死ぬ,7
焼き肉/死ぬ,7
人情/死ぬ,7
花/死ぬ,7
青春/死ぬ,7
出演/死ぬ,7
たくさん/死ぬ,7
蝶々/死ぬ,7
ジュニア/死ぬ,7
くん/死ぬ,7
君/死ぬ,7
組/死ぬ,7
美化/死ぬ,7
川/死ぬ,7
自由/死ぬ,7
十/死ぬ,7
隊/死ぬ,7
久々/編む,6
久々/送り出す,6
久々/焦がす,6
演技/食べる,6
演技/居座る,6
久々/くずす,6
演技/かける,6
演技/守る,6
久々/食べる,6
ん/見る,6
絶対/見る,6
久々/打つ,6
けっこう/見る,6
演技/つく,6
久々/歩く,6
演技/しまう,6
久々/摘む,6
演技/入る,6
久々/賜る,6
演技/編む,6
久々/会う,6
久々/居座る,6
久々/並ぶ,6
演技/踊る,6
演技/支える,6
意外/見る,6
相/見る,6
演技/歩く,6
演技/起こる,6
演技/焦がす,6
演技/すける,6
演技/そうろう,6
演技/打つ,6
久々/支える,6
演技/努める,6
演技/やける,6
久々/死ぬ,6
久々/くらす,6
演技/くらす,6
演技/賜る,6
演技/続く,6
久々/止まる,6
演技/送り出す,6
久々/見える,6
久々/薄れる,6
演技/溶く,6
久々/そうろう,6
演技/下す,6
座長/憩う,6
演技/薄れる,6
演技/会う,6
久々/つく,6
演技/くずす,6
久々/すける,6
久々/入る,6
久々/やける,6
久々/続く,6
久々/溶く,6
闇/見る,6
久々/守る,6
久々/起こる,6
演技/並ぶ,6
演技/死ぬ,6
演技/見える,6
久々/努める,6
演技/止まる,6
久々/かける,6
葉/見る,6
久々/しまう,6
演技/摘む,6
ルーム/しまう,5
訳/居座る,5
大阪/歩く,5
前日/並ぶ,5
前日/しまう,5
ルーム/すける,5
大阪/見える,5
前日/食べる,5
乗り/並ぶ,5
前日/くずす,5
最終/居座る,5
訳/摘む,5
訳/くずす,5
これ/かける,5
ルーム/焦がす,5
最終/焦がす,5
乗り/しまう,5
最終/守る,5
予約/そうろう,5
最終/しまう,5
予約/賜る,5
最終/つく,5
前日/死ぬ,5
最終/くずす,5
前日/止まる,5
訳/続く,5
予約/くらす,5
乗り/入る,5
予約/並ぶ,5
訳/会う,5
大阪/そうろう,5
ルーム/くずす,5
訳/止まる,5
乗り/送り出す,5
前日/居座る,5
大阪/支える,5
予約/歩く,5
大阪/やける,5
乗り/かける,5
これ/くずす,5
これ/打つ,5
訳/守る,5
大阪/食べる,5
大阪/くらす,5
訳/すける,5
前日/打つ,5
ルーム/居座る,5
これ/編む,5
ルーム/打つ,5
ルーム/起こる,5
乗り/そうろう,5
訳/送り出す,5
最終/会う,5
予約/支える,5
予約/くずす,5
最終/すける,5
これ/溶く,5
乗り/支える,5
ルーム/つく,5
最終/そうろう,5
ルーム/入る,5
これ/努める,5
これ/守る,5
これ/そうろう,5
予約/起こる,5
予約/しまう,5
最終/起こる,5
ルーム/やける,5
予約/止まる,5
最終/薄れる,5
大阪/薄れる,5
前日/かける,5
最終/続く,5
訳/歩く,5
訳/つく,5
訳/死ぬ,5
乗り/居座る,5
ルーム/会う,5
ルーム/編む,5
最終/かける,5
大阪/くずす,5
乗り/溶く,5
大阪/会う,5
前日/歩く,5
これ/支える,5
乗り/薄れる,5
訳/打つ,5
訳/編む,5
乗り/打つ,5
ルーム/賜る,5
前日/送り出す,5
乗り/賜る,5
これ/焦がす,5
これ/すける,5
大阪/かける,5
予約/編む,5
これ/入る,5
最終/入る,5
前日/摘む,5
最終/打つ,5
ルーム/止まる,5
これ/並ぶ,5
乗り/止まる,5
乗り/見える,5
これ/続く,5
予約/居座る,5
乗り/守る,5
これ/見える,5
予約/努める,5
大阪/入る,5
予約/薄れる,5
乗り/すける,5
乗り/起こる,5
予約/入る,5
前日/賜る,5
ルーム/食べる,5
これ/食べる,5
これ/歩く,5
訳/やける,5
これ/死ぬ,5
訳/くらす,5
最終/摘む,5
ルーム/続く,5
前日/焦がす,5
乗り/編む,5
ルーム/守る,5
最終/並ぶ,5
前日/そうろう,5
最終/死ぬ,5
大阪/続く,5
乗り/摘む,5
訳/起こる,5
ルーム/くらす,5
前日/起こる,5
乗り/くずす,5
予約/かける,5
前日/会う,5
訳/並ぶ,5
訳/薄れる,5
最終/賜る,5
これ/摘む,5
前日/やける,5
訳/そうろう,5
最終/くらす,5
大阪/止まる,5
最終/食べる,5
これ/しまう,5
予約/つく,5
これ/賜る,5
訳/賜る,5
大阪/守る,5
乗り/焦がす,5
最終/溶く,5
前日/見える,5
大阪/起こる,5
訳/焦がす,5
予約/守る,5
これ/止まる,5
訳/努める,5
予約/すける,5
予約/食べる,5
予約/見える,5
ルーム/死ぬ,5
訳/食べる,5
予約/やける,5
大阪/編む,5
予約/会う,5
大阪/溶く,5
最終/歩く,5
最終/送り出す,5
予約/続く,5
これ/会う,5
最終/支える,5
予約/溶く,5
最終/見える,5
訳/入る,5
大阪/すける,5
最終/編む,5
訳/かける,5
ルーム/見える,5
ルーム/送り出す,5
ルーム/並ぶ,5
訳/支える,5
大阪/つく,5
ルーム/支える,5
訳/しまう,5
これ/つく,5
乗り/努める,5
最終/やける,5
ルーム/溶く,5
これ/くらす,5
前日/編む,5
前日/つく,5
ルーム/そうろう,5
大阪/居座る,5
大阪/焦がす,5
予約/打つ,5
前日/入る,5
前日/すける,5
これ/送り出す,5
大阪/送り出す,5
これ/やける,5
ルーム/かける,5
訳/見える,5
大阪/しまう,5
予約/摘む,5
これ/居座る,5
ルーム/努める,5
乗り/食べる,5
これ/薄れる,5
乗り/死ぬ,5
前日/薄れる,5
前日/くらす,5
前日/支える,5
予約/死ぬ,5
乗り/やける,5
大阪/賜る,5
最終/止まる,5
乗り/続く,5
大阪/努める,5
大阪/並ぶ,5
乗り/つく,5
乗り/くらす,5
これ/起こる,5
最終/努める,5
ルーム/薄れる,5
ルーム/歩く,5
大阪/打つ,5
大阪/死ぬ,5
大阪/摘む,5
前日/守る,5
前日/続く,5
乗り/歩く,5
前日/溶く,5
訳/溶く,5
予約/送り出す,5
誠/憩う,5
乗り/会う,5
前日/努める,5
予約/焦がす,5
ルーム/摘む,5
ルーム/下す,4
２/踊る,4
松井/かける,4
ジュニア/下す,4
少女/下す,4
前/踊る,4
酒/下す,4
光源氏/踊る,4
新生/見える,4
よう/下す,4
結/踊る,4
少女/踊る,4
付き合い/踊る,4
の/踊る,4
松井/焦がす,4
薄/踊る,4
青春/下す,4
真芸/歩く,4
愛/下す,4
君/踊る,4
隊長/下す,4
男/下す,4
自由/下す,4
新生/送り出す,4
野崎/下す,4
組/踊る,4
君/下す,4
座/見える,4
様子/踊る,4
新生/止まる,4
お気に入り/踊る,4
新生/踊る,4
真芸/薄れる,4
よう/踊る,4
橘/見る,4
月刊/下す,4
新生/薄れる,4
松井/死ぬ,4
夜/下す,4
組/下す,4
酒/踊る,4
なん/下す,4
座/踊る,4
新生/死ぬ,4
新生/くずす,4
愛/踊る,4
桜/憩う,4
十/踊る,4
芝居/下す,4
気持ち/踊る,4
依存/踊る,4
付き合い/下す,4
真芸/編む,4
理由/下す,4
松井/踊る,4
真芸/すける,4
介/踊る,4
座/すける,4
新生/下す,4
割/踊る,4
真芸/打つ,4
真芸/会う,4
ショウ/踊る,4
これ/下す,4
松井/守る,4
新生/居座る,4
松井/くらす,4
座/下す,4
座/守る,4
美/下す,4
夜/踊る,4
青春/踊る,4
芝居/踊る,4
健次郎/下す,4
新生/そうろう,4
座/死ぬ,4
中野/下す,4
人情/踊る,4
新生/守る,4
松井/歩く,4
イメージ/下す,4
明後日/下す,4
二/下す,4
松井/並ぶ,4
真芸/入る,4
我々/踊る,4
座/支える,4
これ/踊る,4
新生/努める,4
こうた/下す,4
前日/下す,4
依存/下す,4
お気に入り/下す,4
癌/下す,4
健次郎/踊る,4
理由/踊る,4
松井/入る,4
松井/摘む,4
新生/賜る,4
三度笠/踊る,4
花/下す,4
隊長/踊る,4
当日/踊る,4
新生/くらす,4
新生/歩く,4
松井/しまう,4
くん/踊る,4
座/くずす,4
お祝い/踊る,4
花/踊る,4
介/下す,4
青年/踊る,4
新生/食べる,4
松井/起こる,4
座/薄れる,4
座/摘む,4
座/努める,4
三度笠/下す,4
自分/下す,4
月刊/踊る,4
時代/踊る,4
中野/踊る,4
番/下す,4
酔い/下す,4
座/居座る,4
真芸/つく,4
新生/焦がす,4
訳/踊る,4
うめ/下す,4
娘/下す,4
真芸/摘む,4
鳴子/踊る,4
舞踊/下す,4
新生/会う,4
新生/溶く,4
良/踊る,4
春雨/踊る,4
イメージ/踊る,4
相棒/下す,4
美化/下す,4
うめ/踊る,4
真芸/止まる,4
時代/下す,4
ハンサム/踊る,4
ショー/下す,4
乗り/踊る,4
真芸/居座る,4
新撰/下す,4
酔い/踊る,4
松井/食べる,4
姿/踊る,4
新生/続く,4
二/踊る,4
座/会う,4
乗り/下す,4
訳/下す,4
春雨/下す,4
ハンサム/下す,4
割/下す,4
大阪/踊る,4
真芸/続く,4
新撰/踊る,4
中/踊る,4
新生/支える,4
座/かける,4
我々/下す,4
それなり/踊る,4
謙之/下す,4
くん/下す,4
新生/かける,4
松井/努める,4
バッグ/踊る,4
座/送り出す,4
座/歩く,4
冬/踊る,4
前/下す,4
座/くらす,4
華/踊る,4
お祝い/下す,4
こうた/踊る,4
新生/打つ,4
真芸/死ぬ,4
真芸/努める,4
松井/溶く,4
真芸/くらす,4
真芸/並ぶ,4
劇団/下す,4
自分/踊る,4
娘/踊る,4
座/つく,4
松井/打つ,4
座/溶く,4
真芸/賜る,4
人情/下す,4
新生/しまう,4
新生/編む,4
バッグ/下す,4
松井/編む,4
当日/下す,4
薄/下す,4
たくさん/下す,4
松井/送り出す,4
自由/踊る,4
松井/支える,4
松井/会う,4
龍/見る,4
新生/すける,4
劇団/踊る,4
父/踊る,4
傘/下す,4
真芸/支える,4
華/下す,4
増/踊る,4
真芸/しまう,4
入り口/踊る,4
出演/踊る,4
前日/踊る,4
座/並ぶ,4
ショー/踊る,4
真芸/くずす,4
久々/下す,4
真芸/かける,4
松井/下す,4
真芸/溶く,4
真芸/守る,4
ジュニア/踊る,4
癌/踊る,4
座/起こる,4
たくさん/踊る,4
真芸/起こる,4
座/食べる,4
中/下す,4
座/賜る,4
座/編む,4
座/そうろう,4
傘/踊る,4
入り口/下す,4
隊/下す,4
真芸/そうろう,4
座/入る,4
座/止まる,4
松井/くずす,4
予約/下す,4
真芸/送り出す,4
松井/つく,4
真芸/やける,4
新生/入る,4
増/下す,4
座/続く,4
２/下す,4
良/下す,4
焼き肉/下す,4
松井/止まる,4
十/下す,4
座/焦がす,4
特別/下す,4
冬/下す,4
姿/下す,4
新生/つく,4
それなり/下す,4
女形/見る,4
松井/すける,4
松井/薄れる,4
木曽/下す,4
松井/そうろう,4
謙之/踊る,4
真芸/下す,4
明後日/踊る,4
木曽/踊る,4
松井/居座る,4
舞踊/踊る,4
真芸/焦がす,4
真芸/見える,4
ミニ/下す,4
相棒/踊る,4
松井/賜る,4
焼き肉/踊る,4
最終/下す,4
結/下す,4
新生/やける,4
新生/起こる,4
真芸/踊る,4
座/打つ,4
節/下す,4
ショウ/下す,4
父/下す,4
松井/続く,4
大阪/下す,4
雑談/下す,4
座/やける,4
出演/下す,4
座/しまう,4
ミニ/踊る,4
番/踊る,4
真芸/食べる,4
なん/踊る,4
最終/踊る,4
新生/摘む,4
節/踊る,4
蝶々/下す,4
久々/踊る,4
美化/踊る,4
予約/踊る,4
青年/下す,4
鳴子/下す,4
雑談/踊る,4
久しぶり/下す,4
松井/やける,4
気持ち/下す,4
川/踊る,4
光源氏/下す,4
野崎/踊る,4
美/踊る,4
ルーム/踊る,4
松井/見える,4
川/下す,4
フィナーレ/踊る,4
様子/下す,4
新生/並ぶ,4
蝶々/踊る,4
特別/踊る,4
久しぶり/踊る,4
フィナーレ/下す,4
丸/見る,4
隊/踊る,4
男/踊る,4
の/下す,4
相/打つ,3
意外/薄れる,3
葉/下す,3
ん/編む,3
ん/続く,3
絶対/会う,3
けっこう/入る,3
絶対/止まる,3
闇/編む,3
闇/守る,3
ん/並ぶ,3
相/下す,3
相/並ぶ,3
ん/しまう,3
けっこう/つく,3
闇/踊る,3
ん/見える,3
意外/かける,3
意外/やける,3
葉/すける,3
闇/歩く,3
けっこう/起こる,3
けっこう/賜る,3
絶対/入る,3
闇/会う,3
相/守る,3
闇/起こる,3
絶対/打つ,3
葉/続く,3
闇/そうろう,3
闇/下す,3
闇/くらす,3
意外/摘む,3
相/くらす,3
ん/焦がす,3
葉/編む,3
意外/止まる,3
けっこう/そうろう,3
ん/かける,3
ん/守る,3
葉/賜る,3
意外/すける,3
絶対/送り出す,3
葉/かける,3
葉/死ぬ,3
絶対/薄れる,3
闇/見える,3
相/食べる,3
けっこう/やける,3
けっこう/会う,3
絶対/そうろう,3
相/つく,3
意外/そうろう,3
葉/守る,3
けっこう/かける,3
相/しまう,3
闇/居座る,3
闇/止まる,3
相/入る,3
絶対/編む,3
ん/食べる,3
絶対/死ぬ,3
闇/続く,3
絶対/かける,3
ん/溶く,3
葉/摘む,3
葉/努める,3
たか/憩う,3
ん/会う,3
相/かける,3
けっこう/焦がす,3
ん/起こる,3
意外/続く,3
相/死ぬ,3
葉/焦がす,3
意外/食べる,3
けっこう/打つ,3
絶対/焦がす,3
意外/入る,3
意外/見える,3
葉/打つ,3
絶対/起こる,3
闇/死ぬ,3
けっこう/編む,3
ん/打つ,3
ん/止まる,3
けっこう/努める,3
ん/賜る,3
葉/歩く,3
ん/送り出す,3
相/努める,3
相/止まる,3
相/摘む,3
意外/編む,3
ん/やける,3
葉/溶く,3
葉/そうろう,3
けっこう/居座る,3
相/歩く,3
意外/起こる,3
けっこう/くらす,3
ん/歩く,3
闇/くずす,3
葉/くずす,3
葉/しまう,3
相/すける,3
葉/つく,3
絶対/すける,3
けっこう/食べる,3
意外/焦がす,3
絶対/踊る,3
意外/死ぬ,3
けっこう/下す,3
絶対/つく,3
ん/努める,3
さ/憩う,3
ん/摘む,3
ん/つく,3
相/支える,3
ん/くずす,3
絶対/歩く,3
闇/しまう,3
闇/溶く,3
相/踊る,3
絶対/下す,3
相/会う,3
日/憩う,3
相/そうろう,3
意外/賜る,3
相/見える,3
絶対/守る,3
意外/溶く,3
相/くずす,3
葉/居座る,3
意外/しまう,3
意外/くずす,3
意外/会う,3
けっこう/すける,3
葉/薄れる,3
意外/支える,3
絶対/くずす,3
ん/入る,3
意外/下す,3
けっこう/守る,3
意外/送り出す,3
絶対/見える,3
里美/憩う,3
ん/薄れる,3
ん/すける,3
けっこう/くずす,3
闇/賜る,3
意外/つく,3
意外/居座る,3
けっこう/しまう,3
闇/努める,3
ん/そうろう,3
葉/やける,3
絶対/並ぶ,3
葉/支える,3
意外/踊る,3
葉/止まる,3
葉/送り出す,3
意外/歩く,3
けっこう/薄れる,3
葉/くらす,3
相/やける,3
絶対/くらす,3
ん/下す,3
葉/入る,3
けっこう/見える,3
ん/支える,3
意外/くらす,3
意外/守る,3
けっこう/歩く,3
絶対/やける,3
葉/見える,3
けっこう/続く,3
けっこう/死ぬ,3
意外/並ぶ,3
絶対/続く,3
闇/つく,3
闇/支える,3
ん/居座る,3
絶対/努める,3
けっこう/溶く,3
闇/摘む,3
闇/すける,3
闇/入る,3
闇/食べる,3
ん/くらす,3
けっこう/踊る,3
闇/送り出す,3
意外/打つ,3
闇/打つ,3
絶対/しまう,3
葉/食べる,3
絶対/食べる,3
絶対/溶く,3
闇/やける,3
意外/努める,3
けっこう/止まる,3
闇/薄れる,3
けっこう/支える,3
絶対/摘む,3
けっこう/摘む,3
相/送り出す,3
絶対/賜る,3
けっこう/並ぶ,3
相/賜る,3
葉/会う,3
葉/踊る,3
ん/踊る,3
けっこう/送り出す,3
絶対/支える,3
相/薄れる,3
相/居座る,3
相/続く,3
葉/並ぶ,3
闇/焦がす,3
ん/死ぬ,3
相/編む,3
相/焦がす,3
相/溶く,3
闇/並ぶ,3
葉/起こる,3
闇/かける,3
相/起こる,3
もの/憩う,3
絶対/居座る,3
橘/死ぬ,2
女形/やける,2
丸/すける,2
女形/下す,2
龍/死ぬ,2
丸/摘む,2
丸/支える,2
女形/打つ,2
まこと/憩う,2
橘/入る,2
女形/くらす,2
丸/賜る,2
哀川/憩う,2
龍/会う,2
橘/歩く,2
鬼/憩う,2
橘/努める,2
橘/くずす,2
女形/くずす,2
龍/編む,2
丸/起こる,2
美津子/憩う,2
橘/起こる,2
丸/努める,2
女形/続く,2
橘/支える,2
龍/止まる,2
さくら/憩う,2
橘/焦がす,2
丸/薄れる,2
橘/溶く,2
女形/会う,2
龍/薄れる,2
橘/そうろう,2
女形/そうろう,2
橘/会う,2
龍/起こる,2
演技/憩う,2
女形/支える,2
女形/つく,2
丸/溶く,2
誕生/憩う,2
女形/食べる,2
橘/見える,2
橘/かける,2
龍/やける,2
橘/並ぶ,2
丸/くずす,2
橘/摘む,2
龍/歩く,2
橘/やける,2
女形/編む,2
橘/打つ,2
橘/下す,2
龍/踊る,2
丸/守る,2
丸/踊る,2
女形/見える,2
女形/かける,2
橘/居座る,2
龍/続く,2
丸/かける,2
丸/つく,2
龍/下す,2
龍/そうろう,2
龍/居座る,2
やつ/憩う,2
女形/起こる,2
女形/歩く,2
龍/摘む,2
龍/入る,2
龍/食べる,2
丸/焦がす,2
龍/送り出す,2
龍/しまう,2
橘/続く,2
龍/支える,2
カラオケ/憩う,2
丸/打つ,2
女形/入る,2
女形/しまう,2
丸/歩く,2
龍/守る,2
丸/死ぬ,2
龍/見える,2
橘/止まる,2
女形/賜る,2
女形/薄れる,2
女形/焦がす,2
橘/しまう,2
年/憩う,2
丸/やける,2
橘/踊る,2
龍/つく,2
丸/編む,2
龍/くずす,2
女形/居座る,2
丸/そうろう,2
私/憩う,2
女形/止まる,2
橘/賜る,2
橘/編む,2
丸/下す,2
龍/努める,2
女形/送り出す,2
昼/憩う,2
ケント/憩う,2
丸/見える,2
龍/焦がす,2
橘/つく,2
女形/努める,2
龍/くらす,2
龍/溶く,2
丸/居座る,2
たかし/憩う,2
丸/入る,2
丸/しまう,2
龍/並ぶ,2
最後/憩う,2
女形/並ぶ,2
龍/賜る,2
龍/打つ,2
橘/守る,2
丸/会う,2
丸/くらす,2
龍/かける,2
橘/くらす,2
笑/憩う,2
部/憩う,2
丸/送り出す,2
丸/続く,2
女形/守る,2
丸/食べる,2
女形/死ぬ,2
橘/薄れる,2
女形/踊る,2
公演/憩う,2
丸/並ぶ,2
橘/送り出す,2
龍/すける,2
橘/食べる,2
女形/すける,2
女形/溶く,2
橘/すける,2
女形/摘む,2
丸/止まる,2
遠征/憩う,2
当日/憩う,1
謙之/憩う,1
劇団/憩う,1
君/憩う,1
真芸/憩う,1
それなり/憩う,1
けっこう/憩う,1
松井/憩う,1
光源氏/憩う,1
娘/憩う,1
自分/憩う,1
夜/憩う,1
割/憩う,1
姿/憩う,1
丸/憩う,1
愛/憩う,1
青年/憩う,1
焼き肉/憩う,1
前/憩う,1
父/憩う,1
隊/憩う,1
なん/憩う,1
くん/憩う,1
美化/憩う,1
舞踊/憩う,1
バッグ/憩う,1
女形/憩う,1
酒/憩う,1
中/憩う,1
花/憩う,1
明後日/憩う,1
付き合い/憩う,1
冬/憩う,1
理由/憩う,1
十/憩う,1
お気に入り/憩う,1
月刊/憩う,1
大阪/憩う,1
組/憩う,1
人情/憩う,1
特別/憩う,1
中野/憩う,1
ショー/憩う,1
久しぶり/憩う,1
闇/憩う,1
フィナーレ/憩う,1
少女/憩う,1
蝶々/憩う,1
こうた/憩う,1
ミニ/憩う,1
傘/憩う,1
依存/憩う,1
木曽/憩う,1
三度笠/憩う,1
酔い/憩う,1
意外/憩う,1
隊長/憩う,1
節/憩う,1
鳴子/憩う,1
川/憩う,1
橘/憩う,1
美/憩う,1
お祝い/憩う,1
青春/憩う,1
予約/憩う,1
増/憩う,1
訳/憩う,1
これ/憩う,1
相棒/憩う,1
ハンサム/憩う,1
ショウ/憩う,1
健次郎/憩う,1
イメージ/憩う,1
よう/憩う,1
薄/憩う,1
座/憩う,1
時代/憩う,1
久々/憩う,1
癌/憩う,1
最終/憩う,1
華/憩う,1
結/憩う,1
春雨/憩う,1
相/憩う,1
良/憩う,1
芝居/憩う,1
２/憩う,1
ジュニア/憩う,1
葉/憩う,1
うめ/憩う,1
ルーム/憩う,1
の/憩う,1
絶対/憩う,1
二/憩う,1
気持ち/憩う,1
野崎/憩う,1
我々/憩う,1
様子/憩う,1
番/憩う,1
新生/憩う,1
前日/憩う,1
龍/憩う,1
介/憩う,1
自由/憩う,1
乗り/憩う,1
新撰/憩う,1
出演/憩う,1
男/憩う,1
入り口/憩う,1
たくさん/憩う,1
雑談/憩う,1
ん/憩う,1
